9.794999901700098821e-01	1.373681168161376177e-04	3.636244046618664072e-04	1.243287643560294156e-02	8.821471790443684248e-04	5.391664452877659858e-03	3.169500500988233979e-04	3.693118400573168827e-04	2.912036489507285734e-04	3.148637018804814397e-04
9.928564672688584558e-01	1.028654639341902846e-04	5.765392488791946414e-04	8.675662296783485591e-04	8.589712905244651210e-05	4.407171377172300862e-03	1.513361714637019497e-04	9.233294135333062265e-05	7.182284773058747376e-04	1.415956923025326318e-04
2.581809377175996456e-01	8.134297271011249218e-04	1.367203577716107239e-02	3.770598617573214361e-03	5.609891518393687049e-01	2.732507164663532800e-02	1.079620871409111282e-01	6.271113572654015388e-03	4.818616033182397326e-03	1.619695792781334145e-02
3.761648251310279259e-03	7.709467701887860128e-04	5.300605236221947285e-03	4.096414465478320430e-03	3.061572794896330867e-03	1.088866588058983852e-03	1.075904936265465904e-03	1.352947553681459365e-03	9.476342048923089845e-01	3.185688851158930551e-02
9.078624928755388984e-03	1.220050148176928927e-03	6.206756182262231254e-03	2.120384516440333017e-02	2.656304226662577553e-03	5.953066484871911979e-02	3.036732045938695009e-03	1.247963540508309705e-03	8.925925025283271141e-01	3.226556386246238767e-03
1.325984099950101684e-02	3.840672847221343589e-04	6.233482842915956043e-04	3.558995472605309181e-03	3.577719952553130053e-04	9.534184264991514279e-01	1.537019252526472535e-03	2.562003260579576993e-04	2.624173503115978523e-02	3.625948547287824258e-04
3.322407451760826542e-04	1.948115061294269457e-04	1.491291195308283709e-03	3.901244091406349938e-04	9.861622813471799809e-01	5.494144256493378470e-04	8.463058638534730165e-04	8.926735729007788693e-04	4.371226849871404346e-04	8.703734249674709156e-03
4.112752590053702739e-04	5.269900168391491828e-04	6.662052059568357963e-03	1.418751893730231094e-03	1.125102726267550876e-03	4.976662393198362077e-04	3.857326133088004056e-04	3.627351735530124667e-03	9.814659931516684921e-01	3.879084304761931928e-03
3.990075875391459670e-04	1.276255997789137620e-04	2.092176879050324835e-04	6.469795988299975251e-04	2.748039345100701351e-03	4.392524137675255609e-04	1.191978423750048645e-04	9.843952677849987509e-01	1.345087801020330813e-04	1.078090335960278472e-02
1.244887988226019973e-03	1.385917753211070519e-03	2.357710636777031552e-03	7.837321485359904916e-01	5.782619963980113742e-03	1.431664374978111332e-01	1.352960110009732153e-02	1.501078697879089678e-03	4.381272125315268523e-02	3.486876572875039805e-03
3.660193184883346433e-03	1.976920240111588664e-03	1.723036300071928949e-03	1.321501143373560172e-02	3.369803182017461207e-03	8.924640630837845645e-01	1.113185900871210788e-03	3.297388492960131538e-03	5.724232231167398349e-02	2.193807586989012307e-02
3.739150716496913887e-04	6.121714551659532180e-04	1.720849069338782102e-03	2.601113465028252834e-03	9.076642861510046956e-01	1.089772545308416180e-03	4.325767707429951968e-04	8.549756850551402249e-03	1.796513853094765419e-03	7.515904476811489932e-02
1.081442516653745127e-03	8.243954482597466065e-04	1.455057131089517114e-03	1.092224022350665952e-03	1.445752828858760664e-01	1.125950464150088500e-03	1.618923483134197556e-03	4.627241109286099087e-03	5.390706528950455802e-03	8.382087764102494898e-01
1.288089393467543777e-03	2.690034902565918706e-03	9.258070478418785054e-01	2.125591632735343225e-02	1.761673802181651025e-03	1.656453689784347484e-03	1.448442507669516540e-03	6.183626084551994972e-03	3.569070086313101686e-02	2.218014587416019829e-03
1.317811177129295502e-03	1.494061681450116800e-04	3.899389041617559726e-03	9.022443056102740291e-04	5.418318779887082090e-04	5.636770721268301310e-03	9.854497393170200681e-01	1.752787345051866916e-04	1.691558768846263905e-03	2.359698878693173641e-04
2.871136015516320261e-03	4.745725742405781391e-04	1.190765093220172779e-02	1.583139007716145982e-03	5.379285658270438301e-03	8.690467884666975857e-04	9.621046777434602015e-01	6.320252778443785071e-04	8.638943362824537398e-03	5.539522639459025510e-03
9.869177887321436415e-01	7.848166379054777916e-05	1.645965286465800401e-03	9.488902476737507341e-04	5.672632759344791841e-04	5.018421480760438744e-03	1.575450863156958935e-04	4.467528066202203457e-04	9.978331884079620281e-04	3.221058231887534082e-03
6.488288483926742470e-03	1.401852765671634735e-02	8.085057188447812571e-03	4.443153622159700666e-01	5.410771106399252239e-03	4.749057275206216566e-01	7.271551822516409379e-03	5.513382248636265921e-03	2.358771808777671009e-02	1.040361366898891540e-02
9.644065382937571096e-01	1.779226438143089210e-04	7.380739686026171727e-04	7.391832085409499441e-04	5.571861972450567555e-04	3.084219816773961509e-02	5.244428689099399485e-04	5.083651647652218542e-04	3.073321302957027798e-04	1.198757356329528982e-03
5.932612246398449862e-01	3.380817252988869374e-03	2.102431297360549817e-02	7.146842961728955279e-02	3.706915213992735721e-03	2.821629660249643234e-01	5.546931890922767588e-03	3.497876035571694919e-03	7.046350588382627178e-03	8.904175762437098116e-03
9.587589199810331786e-04	1.362423443275181457e-04	9.951392315713561976e-01	5.978427799168159300e-04	2.365644564966845631e-04	1.631417613623628604e-04	2.115319581600848264e-03	1.129782697384424533e-04	2.576184445087099906e-04	2.823018707111394666e-04
8.618639418813238418e-04	1.360999579018584487e-03	6.684366639361013530e-03	1.853728384864382697e-02	2.563541479527596534e-02	2.822527055318212273e-03	1.157546250347375391e-03	8.992844452558675927e-01	4.388004957827616737e-03	3.926754767645853489e-02
3.931717940061736833e-04	8.739413634825982102e-01	6.710789280564154191e-02	4.041584413344245091e-03	3.361786487859846559e-03	9.432730094254422040e-04	2.046726274076871889e-03	3.236530954628453333e-02	1.516247623230743830e-02	6.364159544557129082e-04
8.493231653962910908e-04	3.533868393698465986e-04	2.960507433231152584e-04	3.772517411104262799e-04	4.500462546670092761e-04	2.971772307597525921e-04	1.307597831820469245e-04	9.928631051749930991e-01	5.384246465766956338e-04	3.844474420621589710e-03
9.481977167674802143e-01	1.942363333284129689e-04	7.728399447964265237e-04	2.564834459216711309e-03	3.153120517433999218e-04	2.685050542245735403e-02	3.086527352910671540e-04	2.673194512024141016e-04	1.958930864263151717e-02	9.392741918523855741e-04
2.559325368620284091e-02	3.472104370466197378e-03	4.400523482919784651e-02	1.387661158309760612e-01	5.135178486183074494e-03	1.947492785882120325e-01	6.327986681160387150e-02	3.678555693212515621e-03	4.569902435437994126e-01	6.433016816014613948e-02
1.450858948823593607e-04	9.942064136217735326e-01	7.954142719930980049e-04	1.452217697144620248e-03	2.094060715986129778e-04	5.767519728316221382e-04	1.550832569766977123e-03	1.779708789129065983e-04	5.110696433414310810e-04	3.748373777550535724e-04
1.347099890415084152e-04	9.973381777873024934e-01	3.180535586444745914e-04	7.362190384818516906e-04	8.746156942839109893e-05	3.900105959494151839e-04	3.592649043431979643e-04	1.153698971984905362e-04	2.365376036518552431e-04	2.841950559582541967e-04
4.212530296763899833e-03	3.467624676127437989e-04	2.485561684164111062e-03	9.836458155246703416e-01	3.546217849076966234e-04	2.795819457991350308e-03	2.968451924040996052e-04	4.377447108157434528e-04	4.891918248581354593e-03	5.323806320886890564e-04
9.821135685958986162e-04	2.499419493655528034e-03	1.336289741230155780e-02	2.544280152010074472e-02	4.649548990446153995e-01	1.447742419523693688e-02	3.402532708458370740e-03	1.482878635506819885e-02	3.395902290946757607e-02	4.260901027924997031e-01
4.473097309559697526e-04	3.427928953686903979e-04	9.751367319116684973e-01	1.450352037971301472e-03	3.811265444278318332e-04	4.704619881717506786e-04	8.020047183369299112e-04	5.728116403485982583e-04	1.999404916258306492e-02	4.023593701675464373e-04
2.594273141921182944e-04	2.258261571990644642e-04	2.524435542024714937e-04	7.004969416035814519e-04	9.892804999403069788e-01	2.699761957070586369e-04	2.156664057034573113e-04	9.964825983450648246e-04	5.910187317968599923e-04	7.208162160943222888e-03
3.407069797668475786e-02	1.459722599129709272e-03	5.037016803582968459e-03	3.962372489405855715e-03	2.184517678123430642e-03	9.243571499817051507e-01	8.183940984702072060e-04	1.739444985679035717e-03	1.819774750206471642e-02	8.172935885154046509e-03
7.922894509659350083e-04	5.459977752252557310e-04	1.158636179020286873e-03	1.225067909620701501e-03	9.722616659753452462e-01	1.185089884168019029e-03	7.360619379065960147e-04	2.838535642516885719e-03	1.961607165132745346e-03	1.729504808009844213e-02
3.212053513463254423e-03	1.975056756952421957e-03	4.226329796600541283e-02	4.037905039152773524e-03	3.828156451465236088e-01	1.787245237624588215e-02	1.038066703610139030e-01	2.631904802968352414e-02	3.077407131540885535e-02	3.869237994955503357e-01
4.025326210266506107e-05	9.970683088229641555e-01	5.133888576127195943e-04	3.554655560670669169e-04	2.695103828476583469e-04	4.779148661887404359e-04	3.112820321766477587e-04	5.923236896612682663e-04	2.354916557411505058e-04	1.360608746379640460e-04
9.961256237834773541e-01	6.971833915703124797e-05	3.090926438689638026e-04	6.371152809734412106e-05	3.814867454505702630e-05	4.471646177934589716e-04	2.025728236473461549e-03	3.181314671479362944e-05	8.389225112760427452e-04	5.007651859661836624e-05
1.288089393467543777e-03	2.690034902565918706e-03	9.258070478418785054e-01	2.125591632735343225e-02	1.761673802181651025e-03	1.656453689784347484e-03	1.448442507669516540e-03	6.183626084551994972e-03	3.569070086313101686e-02	2.218014587416019829e-03
2.047073660806829776e-03	1.382281675534823354e-02	6.672139790208314256e-03	7.041596807096820454e-01	2.317651231075845090e-03	2.534069044557207273e-01	7.462686737682575240e-03	3.296916354562176056e-03	4.056645642862105779e-03	2.757484662050851357e-03
2.345581046951827257e-04	9.902275868888001931e-01	9.950154362640417378e-04	1.035467871682262163e-03	4.597861015050430373e-04	2.538111543293615838e-03	2.825801209945769284e-03	4.124897221913351500e-04	8.163107289100016888e-04	4.548723927124551027e-04
5.940745663925305065e-02	1.030487277608241803e-03	1.279226761515766565e-02	4.357302103376138776e-03	7.910255714571221355e-03	6.354438357406665475e-03	1.757815953528234698e-03	1.513943114112868693e-03	8.871792685385985200e-01	1.769676468638745059e-02
1.983923302541135830e-02	5.315630904803568015e-04	3.108789554083602174e-03	1.404805009070255253e-02	8.248189056362642806e-04	9.276842885137694117e-02	8.637515247498180893e-01	4.127344050327146118e-04	3.905153975473839908e-03	8.097033519841216956e-04
8.415746534751524788e-01	1.162235640622071194e-03	1.216723217812468692e-02	1.946299617061853643e-02	1.339215389105228096e-02	4.114779419500583235e-02	3.326624950894982793e-03	2.066289190490736265e-03	5.318665269263349316e-02	1.251336761540499005e-02
9.630524262455324083e-04	3.970251749712205781e-04	4.464035135629773783e-03	9.880154361480921743e-01	7.965231467931352003e-04	2.652468753843058562e-03	3.553177503487449027e-04	4.793997550142359006e-04	1.262346730167734129e-03	6.143949788945125270e-04
9.961256237834773541e-01	6.971833915703124797e-05	3.090926438689638026e-04	6.371152809734412106e-05	3.814867454505702630e-05	4.471646177934589716e-04	2.025728236473461549e-03	3.181314671479362944e-05	8.389225112760427452e-04	5.007651859661836624e-05
1.317898331560587869e-03	4.068222463416493358e-03	4.228387908780840282e-02	9.083899737255241025e-01	7.328711990236938577e-04	3.446185824351500476e-02	2.767240639324699755e-03	1.812383903143298088e-03	1.849728387010146722e-03	2.315944019673487134e-03
9.470979084895088385e-02	8.275303201573692979e-04	2.681221081122433028e-02	4.056131601442988441e-04	3.155671630810075266e-03	1.591640397343449228e-03	8.685322136900691659e-01	4.543763468513004359e-04	9.479870066341699545e-04	2.562965787814986372e-03
3.705555710786327499e-03	3.563023510312496919e-03	4.292901662501453219e-01	2.488838192115361558e-01	2.817128952618430660e-03	2.990538338196711138e-03	1.538789972188078564e-03	7.077755393781399659e-03	2.950441038566232188e-01	5.089118803811880018e-03
2.565937580920485015e-04	2.642807231694712300e-04	1.029672531335381431e-03	2.492831302884024542e-04	4.415281327630638832e-03	4.604090075829546120e-04	9.889622241071058806e-01	7.988122518170810574e-04	2.829729744299206914e-04	3.280470188548185052e-03
5.939365123628515680e-04	8.074718173967053696e-04	3.078810739856228332e-03	2.780136936840974047e-03	8.652386675491900991e-01	4.934298617418392610e-03	4.958356129848718718e-04	6.003463825073499655e-03	6.713910884590158085e-03	1.093534675042861087e-01
8.773531062902141390e-04	6.574556297776722180e-04	1.148557376055820952e-03	1.294292211230723723e-03	1.020069084419513855e-01	2.906824493345274481e-03	7.849793348290105399e-04	8.602435291824797256e-03	7.542399129350700268e-03	8.741787949853443429e-01
3.814796359404292857e-03	3.829950021171191579e-04	8.582213662093161541e-03	1.571567011388714684e-03	3.365518671243777210e-02	1.856108738723527551e-02	9.141815507521187101e-01	6.781793357658448150e-04	1.055681539398355649e-02	8.015608383455472691e-03
2.528450875154100350e-04	1.758024106156969566e-04	3.945799352252485803e-04	8.834337391980892238e-04	5.564563451420763635e-04	3.729771148354264635e-04	1.189716459354034958e-04	9.886542654716504730e-01	1.451803605053503601e-04	8.445487889376587787e-03
1.071346066327927889e-03	1.520631091654470407e-03	2.753109895459946929e-02	3.216203624572637476e-02	1.331030494715831902e-02	1.289563505841909456e-03	2.872723484558266545e-03	5.068982417718241595e-03	9.036820876117516166e-01	1.149122567466327391e-02
9.581657750112477492e-04	3.678129629796124574e-03	8.417340338876418970e-01	3.526664504692043900e-03	5.105428530164933835e-04	2.492141510706725842e-03	1.277271469548037219e-01	1.136961404276968374e-02	7.199694199443442202e-03	8.038666421183724483e-04
3.487183901811553746e-04	8.923357960734046388e-04	1.057196439183676236e-03	2.544912820044428065e-02	1.753170491304421484e-03	8.742973563865213222e-04	3.596711971434171976e-04	9.427394927191112828e-01	2.046295241437760901e-03	2.447969416873423468e-02
7.415945609236074092e-04	6.358572110293956529e-04	1.506488535958045143e-03	1.141325072541318547e-03	4.887427018525102636e-04	1.326585168900230958e-03	7.992554433635467399e-04	4.607060934717148687e-04	9.920528137799313750e-01	8.466314320283404356e-04
9.844074824947830012e-05	9.961091763498479690e-01	6.552337644369746238e-04	1.027409898353334608e-03	1.299123398669471251e-04	4.903143858862977914e-04	5.090686844355304941e-04	3.294706917303813639e-04	3.747268312275184874e-04	2.762463059657142015e-04
1.008393368739409239e-03	1.479813272100796067e-03	2.060466401185885241e-03	2.801600017902899364e-01	1.888239693062845502e-03	2.746193730152705556e-02	5.995927469928501998e-04	1.323411957857191512e-02	6.637970722840698112e-01	8.310363563459557956e-03
9.864086967708981732e-04	1.303846088997281764e-03	1.672798358367657895e-03	4.999694056974841351e-03	3.183977754522925724e-02	1.414730102393939037e-01	1.130382322983134900e-03	2.287743688216033189e-02	5.862257431704515770e-02	7.350940714920775054e-01
2.824843560723514012e-04	1.184534229620459609e-04	5.807063973475098603e-03	7.967279906200965900e-04	5.652925383975699160e-04	1.760165344973394310e-04	1.251712740599682531e-04	9.907802856285217175e-01	1.766473578953401454e-04	1.171856923498438294e-03
8.046143421551467357e-05	1.265182653062582694e-04	6.164354534055212741e-04	3.920910902577441604e-04	5.212653681123798023e-04	2.159603263611242004e-04	9.019373499615338538e-05	9.955508649563640233e-01	3.390134076624113572e-04	2.067195963319023045e-03
6.808993340023397839e-04	3.374274704476693258e-04	7.970352094806733420e-04	9.739363656283213100e-01	5.943926970359405875e-04	1.483864497563474249e-03	2.369284984343592352e-04	3.908844428768623331e-04	1.815205939275378599e-02	3.390142829083600453e-03
8.663195225573945557e-02	3.802290044033063924e-03	1.315532153359977585e-01	5.770765767606848007e-01	1.188859510174791224e-02	5.331378847459979087e-02	4.126554592334041351e-03	8.857779163253262991e-03	1.363131993366494855e-02	1.091179283379449527e-01
6.437738444048960069e-03	5.242200126895951891e-03	2.697814234563517682e-03	7.912792395949133084e-01	1.467892714913378652e-02	8.092592606928532273e-02	2.490245304498792372e-03	1.076356113346682575e-02	6.115054850106586837e-02	2.433379944212793120e-02
5.746986555133254404e-03	6.948621346863936843e-02	9.568483761690194447e-03	7.496932360096143499e-01	5.421048964595006660e-03	7.337011362753179111e-02	7.392315663919775924e-03	6.684647352446160089e-03	6.030922418759442766e-02	1.232773040883546056e-02
4.179856742854661487e-03	1.948183406011502663e-03	2.564343664755350943e-02	5.174089740278757336e-03	3.416002949982773207e-01	3.846556397086583774e-03	3.774526393872905915e-03	5.411488718029996980e-02	1.407094688570863228e-02	5.456472216080561211e-01
8.409000842951898091e-01	1.971856844785562814e-03	9.261527565755834843e-03	5.117886387861984160e-03	1.646557793076380925e-03	9.529925343586773123e-02	3.882340377847807306e-02	1.071509090697405969e-03	4.371095470446800628e-03	1.536825337840579207e-03
1.297400673642254377e-03	2.315578649082810280e-04	5.908448055406588994e-04	9.911831715986195723e-01	2.933160526558651368e-04	3.914997166796714383e-03	3.664751848891611139e-04	2.675043553913397892e-04	1.276242565457525336e-03	5.784897320988497066e-04
8.808966440900309206e-05	9.962748665403551307e-01	7.155550672039253561e-04	6.931995237303825502e-04	9.425376765560242219e-05	2.283918826972953185e-04	1.311718360793027094e-03	1.403774134821438025e-04	2.343488106495400080e-04	2.191989690236257021e-04
2.104653551776417691e-03	3.844458277417706028e-04	4.041345919874557500e-04	1.385119636566386602e-03	3.698815576855211539e-04	9.890367088539497864e-01	5.539099019878421628e-04	1.874807186956666330e-04	4.976936747358171390e-03	5.967286122511774194e-04
1.369177664778265056e-03	5.989840577995667785e-04	2.096984405338630803e-03	9.712334724490367943e-01	5.641696706472120251e-04	1.868245361617690975e-02	5.737684609669990547e-04	5.451070307755182800e-04	2.314836804868403500e-03	2.021045839611816664e-03
8.131983606245577791e-04	6.140948208511586293e-01	5.807668232072339676e-02	7.510693173073741680e-03	3.120213214084891894e-03	1.286195045677414502e-03	8.808952180064144252e-03	2.939924340513139223e-01	1.086910058748868750e-02	1.427710215790617149e-03
9.938372012470754469e-03	1.583909126144450452e-03	8.541644472744736039e-01	3.191108884155105692e-03	4.528631249878086948e-03	1.268641718584148474e-02	9.839520036367511990e-02	7.359389267798525144e-04	1.028520612757275257e-02	4.490768849008652461e-03
1.864121742666140225e-03	9.237013189626945792e-05	9.939145317196339535e-01	1.242597313675455905e-04	1.676018969468561946e-04	1.420974943514474373e-04	1.807119108061692450e-03	6.318593225705078440e-05	1.681204284957277554e-03	1.435079578615658553e-04
2.812818765025395379e-03	4.069009989575195934e-04	9.687519753543144671e-04	6.857498716931519425e-04	1.476161955914362346e-03	6.547172757565685938e-03	9.815023206736492867e-01	4.739842492693987900e-04	3.407528805999707026e-03	1.718609946570963821e-03
1.083874945732543138e-03	3.056009892884106326e-04	9.737979617874583660e-01	9.998598473158360617e-04	9.457808297221460825e-03	1.258492172993521795e-03	5.582579817669727773e-03	9.358482683827776738e-04	1.726151577975236886e-03	4.851822295962125026e-03
9.847312349086384531e-01	1.829872674190768879e-04	4.133186757834967913e-04	3.670969414248698333e-03	2.125553364564826701e-04	5.222737575096678478e-03	2.940034869738073452e-04	2.069533919652060696e-04	4.202179557375135960e-03	8.630603860430004302e-04
4.009758079931500206e-03	9.186623533580126578e-04	9.716628175269654416e-03	3.337330654143358388e-02	1.149883877500270379e-01	5.565245200676307569e-01	2.682290232881305320e-03	4.730339531404836005e-03	1.047730641196094603e-01	1.682830431484537426e-01
3.757454921154862373e-03	5.286158932146547973e-02	5.515829356818368126e-03	4.667874110597948489e-02	1.027462535791581477e-01	6.051663177192381782e-02	1.783523298896382697e-02	7.481863604046919136e-02	1.226001804923314287e-02	6.230096128648338061e-01
1.335921038669457724e-03	5.680738283510479263e-03	7.644205806288454676e-03	1.433496569584408534e-02	2.594160360972670460e-03	7.271161601451205624e-03	2.993402024721189113e-03	4.995188532448501320e-03	9.499274531788627352e-01	3.222803477231270773e-03
1.252360764794332787e-03	4.572153442965890880e-04	5.466912261847074392e-04	1.139081998650206054e-03	3.199181278539197509e-02	1.600874251114423703e-03	4.286546227822255763e-04	2.353582993372083793e-02	2.670655848601557591e-03	9.363768232244630285e-01
9.962585326668340624e-01	2.754611335170179076e-05	7.430203302473520322e-05	5.348890043208137478e-05	3.041833449959944574e-05	3.008461815325885400e-03	1.361895433129593129e-04	4.128228141820720757e-05	3.079563533434962982e-04	6.182195845718303523e-05
9.049577887808929943e-04	2.412689952353186309e-03	1.229717176641546492e-02	6.523272020615654681e-04	9.376641540665745511e-01	8.559870930638100242e-03	1.798510767672733407e-02	3.483795560628063972e-03	1.260222903907619839e-03	1.477970215191331746e-02
2.445334045160143382e-04	1.805245867531064374e-04	3.566582347882009656e-03	2.051372371399647944e-04	4.670305969497707405e-03	1.351714800094971566e-03	9.873257792416459955e-01	1.005673901372645040e-03	3.312633827024810229e-04	1.118485128395253205e-03
2.408071235161159118e-03	5.935801212299947685e-03	7.925830442864612024e-02	5.038267691036007849e-03	1.256145569631710208e-02	1.364187278730233550e-03	8.604089540603906405e-01	1.681240662732221003e-02	7.923357389784342619e-03	8.289194380312329968e-03
6.644209922160212436e-04	9.566208541463037474e-04	1.844944600810397364e-02	2.810894273646264482e-03	4.607424213407262936e-03	9.402401959949464594e-01	2.062996024567053527e-02	2.409809784000746871e-03	6.968203978853913794e-03	2.263023655008639199e-03
9.297627025345939688e-04	5.467495656525845791e-04	6.286052639506575172e-04	9.365836528787383486e-01	1.138425912494255487e-03	3.914301753717021326e-03	1.468810731683841200e-03	1.155792377978853182e-03	4.418978303688746168e-02	9.444115776362274270e-03
2.056666218562825527e-02	2.921307172788085429e-04	2.878268675396263780e-04	1.813999366916309655e-02	6.597891181490640267e-04	9.244938118722544340e-01	6.271010712238544223e-04	3.892197830921601291e-04	1.747665048815937386e-02	1.706681422751107208e-02
3.512358223671711399e-05	9.978768671929313383e-01	2.690671021440405172e-04	5.184514410785141672e-04	1.892175210372288663e-04	1.342440247887446763e-04	7.545127282064379554e-05	3.178089119861158478e-04	4.652820993782888232e-04	1.184868515980626064e-04
9.517418540523071271e-05	2.554528943632915759e-04	4.807884644482078172e-04	9.018848010976264267e-04	3.372422491828245151e-04	9.632148153520364001e-05	7.806311933552091773e-05	9.971952156138276235e-01	1.046663998102725527e-04	4.551907909941957722e-04
1.054831000763905430e-03	1.198036733814400717e-03	3.813197904728554168e-03	3.634294400625328637e-03	7.185958305959131431e-01	1.251217897715278284e-02	8.155460072720986144e-04	2.170036123166632289e-02	1.268292694028880750e-02	2.239927962077747359e-01
3.923519963499189599e-03	2.308317143608801768e-03	3.455487347464709924e-03	4.951024627802363964e-02	1.534369191275239235e-02	5.458681871900898930e-01	2.519721791700306815e-03	5.116149381674198714e-03	3.360740466038738550e-01	3.588063238731299676e-02
6.003533266922109549e-03	2.371588676511151889e-04	3.299391212906034425e-04	1.178011506900562486e-02	3.847407602091106743e-04	9.329874433134855982e-01	3.781174600268801130e-04	3.889663389738660959e-04	4.691574911267389764e-02	5.942366897610508415e-04
5.834894390752510618e-04	1.014561252594109019e-03	2.111178428532882369e-03	3.428362610569589582e-03	1.271787422073284053e-02	9.617813450668999398e-01	1.135989683974944486e-02	8.009503821616017691e-04	5.156249900017999266e-03	1.046091859666229557e-03
5.493046028839145825e-04	3.280012452871494764e-03	1.905303148457017717e-02	3.260627725494420759e-02	3.547234420042602067e-03	7.645560183526127268e-04	4.968044806998084045e-04	8.778376256761628582e-01	8.375055946493252870e-03	5.349009766297908863e-02
4.956807819418022941e-04	1.157525573389384680e-04	5.197857352350820567e-04	2.802430412981356538e-04	3.881195381539884366e-03	1.815760417236831920e-03	9.907526131441634076e-01	1.295361893740404303e-04	7.341933380387349797e-04	1.275239413833150317e-03
9.734303632667903015e-05	9.966997495318226097e-01	1.172544323195306862e-03	7.229020632386105134e-04	9.006240021210945752e-05	2.179038147826779087e-04	4.025977083106208575e-04	2.188223820624051776e-04	2.342070548912926313e-04	1.438676851580188859e-04
8.946281980352509180e-04	1.487088051708078049e-03	3.669294147114028019e-03	2.219307259781678164e-03	1.681644862182413722e-03	1.016219535384996486e-01	8.735674363703741507e-01	4.232087303964751309e-04	1.381443236496434149e-02	6.210064769440964234e-04
3.502224327547554471e-04	9.731082553341265928e-01	2.458258929215464180e-03	6.311130913012326198e-04	3.387289660106818740e-04	1.081521485207964086e-03	2.026735872875646757e-02	5.001735568908380466e-04	7.198508014691740826e-04	5.445166742666790460e-04
1.919358197949450409e-02	6.741943306080691633e-04	9.112696773339490353e-01	2.268681571127941637e-03	1.170973326490101296e-03	1.913195214943288558e-03	3.415454315465445145e-02	1.608778125182385886e-03	2.563022615952648825e-02	2.116148804023767257e-03
4.094914064585022939e-03	1.715600050115987166e-03	6.115039891465636757e-01	5.355832091375769405e-03	1.008258827656381088e-03	2.198874356409329534e-03	1.103393466724050531e-01	2.303163448995319221e-03	2.598899140762137572e-01	1.590107265679715750e-03
1.681030582834565790e-04	2.199577721903337650e-04	4.832479706129039231e-04	4.487386702805697646e-03	4.811839900394314709e-03	5.327573530300306649e-03	2.008557766161740666e-04	9.689954822772777199e-01	1.112884799912002487e-03	1.419266821160702907e-02
2.426648830950900969e-03	4.627728880522607308e-03	6.583995522825305223e-03	5.476052184254005632e-03	1.694758651138833158e-02	7.691612171882037698e-03	2.292936601502511187e-03	3.986927371623492228e-02	8.662153452901678596e-01	4.786882029027163254e-02
3.017492749625670222e-03	1.045100953878369716e-02	4.975068628904248669e-02	2.645364562599051075e-02	2.325532998678941140e-03	1.424565940183467570e-02	2.250500066665670276e-03	1.126632015923204055e-02	8.671286766107525468e-01	1.311047655939375813e-02
2.135155985912298542e-03	9.104769362343527548e-04	3.480313788030188048e-03	3.734923774063060847e-03	9.085467722571396454e-01	3.003830885745986841e-03	8.337368342263410705e-04	8.474773580089273173e-03	5.334683833104997969e-03	6.354533212545362963e-02
1.347097110066161488e-03	4.442024927848457392e-04	7.625656383902040770e-04	1.634396492534098558e-03	4.554663785704966827e-02	5.017598869276061789e-04	5.885477704807066078e-04	2.913691298697938716e-03	2.808034494852685355e-03	9.434530669582160689e-01
1.377260006798353923e-03	6.373952684113370556e-03	2.128508335568703863e-02	1.580527415300978476e-03	4.941536146203735491e-01	2.775498551386793369e-02	1.441119946624690451e-01	4.206071049312492920e-03	2.851278743156627007e-02	2.706437232605109489e-01
2.528450875154100350e-04	1.758024106156969566e-04	3.945799352252485803e-04	8.834337391980892238e-04	5.564563451420763635e-04	3.729771148354264635e-04	1.189716459354034958e-04	9.886542654716504730e-01	1.451803605053503601e-04	8.445487889376587787e-03
4.486620051421640466e-04	1.845341920123142517e-03	5.756931115661949490e-03	6.638819315572036181e-03	7.846689958845562418e-03	6.464846352289709995e-04	6.146209800126898899e-04	7.131567890296720558e-01	2.113489413345865930e-01	5.169671970515495735e-02
7.179955865636236537e-04	9.519942669920629097e-01	6.386710193755085196e-03	9.518546557316265311e-03	7.683270069844276486e-04	1.519076376933183948e-03	1.489800474889208144e-03	8.423585219284145456e-03	1.760935706869975678e-02	1.572334523511796948e-03
1.750915824960082908e-03	2.447921728320517215e-03	9.388269758365133111e-01	1.291290646776719307e-02	1.112819940747756956e-03	1.482521096449972240e-03	6.879096326795362815e-03	2.327734325541527469e-03	3.102280899696206393e-02	1.236299455942153338e-03
1.128500797250446379e-03	1.150659291945379170e-03	1.938495426589644617e-03	1.470406941971450776e-01	2.452366537936853386e-01	9.650311469321544433e-02	1.109446604982984325e-03	3.887312701046381769e-02	1.102168165317295168e-02	4.559976265315487942e-01
5.662478225563279295e-04	5.155893697353823926e-04	1.123912220118722209e-03	3.529480586332796599e-01	1.033800156261893265e-03	1.182780569494681910e-03	4.690891643844445407e-04	1.456793258181765744e-03	6.390084798973636460e-01	1.695248908623463256e-03
1.314349631045518604e-03	2.205899152358031887e-03	3.165493823067298037e-03	9.167051116854611770e-03	2.279344211845233184e-03	9.369647077827968074e-02	2.352295306247384563e-03	1.895057461938473705e-03	8.817616726053250087e-01	2.162365913038681847e-03
2.210038259550919980e-04	1.976365756401451729e-04	4.489579616635975949e-04	9.164601473776975201e-04	9.855214293573187900e-01	2.633650167692712981e-04	2.548153060469584251e-04	1.058769924888096001e-03	9.147792253668703523e-04	1.020278265897334169e-02
1.154826476712298182e-03	9.113118274614809833e-01	3.677845253701561394e-03	9.437967535220047333e-03	4.948298222795787307e-03	5.169201132741901850e-02	5.226392882105520415e-03	3.419592456550334374e-03	6.900410741246794030e-03	2.230827642767650634e-03
4.819267153788316105e-02	3.270084124850615014e-03	2.214842720867529202e-01	1.680847727386812138e-02	2.145567280122461992e-02	2.394624721950186150e-02	6.203658177584752131e-01	4.747543167860114599e-03	2.074495771978272091e-02	1.898425630980062756e-02
2.103160513837472702e-04	9.883148324019899178e-01	1.703087650035816237e-03	2.532256805259067416e-03	3.598940793882949630e-04	2.202881564811421874e-03	2.341299866818189520e-03	3.766383445364781721e-04	1.535877370261678901e-03	4.229158655152578244e-04
2.126631695006108466e-04	9.917593318298928429e-01	4.780665008430128146e-04	2.265482872727891343e-03	9.671708463807173004e-04	7.613422467774939775e-04	2.619728909249755227e-04	8.033300164090890344e-04	1.902833957990006158e-03	5.878056685532348545e-04
1.024344383667580565e-04	1.564557900197532676e-03	9.944583979424295173e-01	5.579669008668431632e-04	2.768850897904989727e-04	6.509400668729717039e-04	1.021035512123248321e-03	2.552157976080268145e-04	8.936616142860956446e-04	2.189047374586581488e-04
5.658096066975174367e-04	9.748224945270052011e-01	1.789294682289733042e-03	2.717565502682149723e-03	3.933276562979274183e-04	1.076763784079596718e-03	6.469147330880685443e-03	7.441646762081577209e-03	3.691257328473477022e-03	1.032692819512144762e-03
4.785255914661360138e-05	9.971193615096126672e-01	9.330501205420430825e-04	4.461518186704665871e-04	2.710105077236536156e-04	1.036235335479748380e-04	1.639767725212683399e-04	9.393546395713956733e-05	7.236782644328378826e-04	9.735944984518322617e-05
6.168956680144869857e-03	1.181239088139887259e-04	4.892169817102719935e-04	2.758476182468009392e-04	4.843712931911007256e-04	3.567007276763203578e-03	9.876133492910993406e-01	1.121116358181877161e-04	4.865823257678566442e-04	6.844329884445468160e-04
1.316139760049675348e-03	4.933999177776799685e-04	1.760704977052060874e-03	9.902673198947291658e-03	8.826538814897685013e-04	8.402446440538209604e-02	5.306933644791010304e-04	9.139359020467077797e-04	8.993925665999855656e-01	7.827679927900428516e-04
1.252627987219008825e-04	9.905631513229866680e-01	3.685081182304569217e-03	1.349265193311242547e-03	1.489325509464052002e-03	2.335381889085518458e-04	5.570412194655401236e-04	2.045221540698945965e-04	1.559172251992050652e-03	2.336401787756749746e-04
1.252867929048207245e-03	9.000766814364455804e-05	1.950161080336689510e-03	1.471129158136433692e-04	9.716095274780927942e-04	1.290252978350077797e-03	9.933224065468915231e-01	1.168100835996130463e-04	2.882733721887274520e-04	5.704978981497631088e-04
6.975292764551819982e-05	9.972109254354921681e-01	5.404388940224569412e-04	6.202460256546112180e-04	1.081358381871792444e-04	2.379979845180489725e-04	5.135254394099472578e-04	1.323749597495684101e-04	3.873668709997043721e-04	1.792356243204029935e-04
6.834286444599685373e-03	5.730998461671896194e-03	4.295942276456984205e-02	4.594054096996496445e-02	7.966692841288045349e-03	7.727802971353389117e-01	1.273260497502505702e-02	3.172733509408202750e-03	9.759097095114895037e-02	4.291451946984545414e-03
1.625166211305282271e-01	3.835807733929360100e-03	3.886313053554069641e-01	9.838565597589293832e-02	2.171634045374097599e-02	6.571605682328109099e-02	1.538746727703034327e-02	3.986653664565134418e-03	2.066534558265187560e-01	3.317063575910612905e-02
6.328029262192334456e-03	1.890608382934368733e-04	9.387659214861950041e-02	5.290635099555744854e-04	2.187472330843514678e-03	1.090159848488179289e-03	8.895541398307115211e-01	2.550617942577695831e-04	3.745428691518214951e-03	2.244991745120031214e-03
9.049577887808929943e-04	2.412689952353186309e-03	1.229717176641546492e-02	6.523272020615654681e-04	9.376641540665745511e-01	8.559870930638100242e-03	1.798510767672733407e-02	3.483795560628063972e-03	1.260222903907619839e-03	1.477970215191331746e-02
2.729807334765600117e-04	4.043929335958254198e-03	9.685004349647519106e-01	1.694851415666652397e-03	2.829661579568517552e-04	3.833684663883714242e-04	4.834244315351655073e-03	1.145576093502251227e-03	1.839472397914221347e-02	4.469245378050433026e-04
3.698570830325049368e-04	9.181832410492357351e-04	8.346175049314724995e-03	4.317079491966894340e-04	3.316538163298346584e-03	3.456595163384887023e-03	9.809010714719923474e-01	3.886146775376289912e-04	6.343862522377622737e-04	1.236870948955958458e-03
9.518271090182642844e-04	6.874179228104775746e-03	1.583983856911815122e-03	3.694905519841382158e-02	2.924759769755754316e-02	2.237858667073604202e-02	1.064828344696248843e-03	6.204549586241987422e-03	4.501814480751592518e-02	8.497272475008035286e-01
4.414310667856729403e-03	1.254839666916850735e-03	1.215728142893981057e-03	4.845266741472310616e-03	2.474924894234933892e-02	3.511558782077264795e-02	9.092452502873343010e-04	2.898091669116432123e-01	3.311030032155012123e-03	6.343755758236525599e-01
5.327105376952423216e-04	2.922069112130251602e-04	1.164998637639512793e-02	7.277872775330778213e-04	8.779484593886737187e-01	1.030592235794044326e-03	8.697125081204793101e-04	3.590607709099235493e-03	2.008137907781979911e-03	1.013497991476943888e-01
3.307312856523201509e-03	1.192746495724349111e-03	2.139825035343714647e-03	4.484601561337678115e-03	2.261957770029658643e-02	1.832553675766357415e-02	1.078548387120899059e-03	3.599948817801163110e-03	1.312662178121723824e-02	9.301252806069715273e-01
1.003275394151291640e-02	1.295065248290963589e-01	1.520769258920469207e-02	1.166076899389322657e-01	2.256731999549340534e-02	7.799354523046587995e-02	2.271247556555945069e-01	6.786422737066081200e-03	3.844887726703838382e-01	9.684522412249983378e-03
3.056846280064281010e-02	1.212638022848059206e-03	2.295010535335032052e-03	6.884037688021842349e-01	3.055218043636869028e-03	5.955374497768371744e-02	3.252775173164330381e-03	1.714735852695260972e-03	6.299056014847816132e-02	1.469530856433313992e-01
4.052598429193274808e-03	4.175347933652870445e-04	7.730118304758236240e-03	1.155753591320622924e-03	2.129759305363105454e-02	8.446937511881755581e-03	9.533217680134912220e-01	7.877514899391430212e-04	1.055314635730118626e-03	1.734630176689041896e-03
1.973931105892199039e-03	6.699871845667908499e-01	1.712993308496143022e-02	1.224620674847021473e-01	6.998149366257313923e-03	1.037103446343651258e-01	3.539317068406017813e-02	1.171007731015056945e-02	2.781524504237677109e-02	2.819896720443594226e-03
1.279051654284775246e-03	1.666986376169778887e-04	2.413342920080351604e-04	1.460867942320673123e-02	3.065319762094678322e-04	9.773891650744955806e-01	1.743954842130911317e-04	1.509573378394697630e-04	5.104749858481750537e-03	5.784362616439907507e-04
9.542687281170384450e-01	3.814071484010441685e-04	5.275816699708854238e-03	2.542170069219626839e-03	2.925252463738784608e-04	2.444127725393861663e-03	1.420774875577287405e-03	3.067665047863742502e-04	3.176387376302198390e-02	1.303809850478627585e-03
1.613820518328852030e-03	1.968817875501161028e-03	1.097288097625837532e-02	1.632937241925610725e-02	1.548273461966451735e-02	2.961944714226202695e-03	1.771222064588410389e-03	9.990014919839623059e-03	8.856243963222940607e-01	5.328479557004274503e-02
4.240082726630065198e-03	4.888228861441654693e-01	4.543723271181589717e-03	4.543615900754219283e-02	1.289354031470417994e-01	7.790479151763013421e-02	1.128651184946800716e-02	5.163832462878374663e-03	1.922661036908445212e-02	2.144399995043777818e-01
6.168956680144869857e-03	1.181239088139887259e-04	4.892169817102719935e-04	2.758476182468009392e-04	4.843712931911007256e-04	3.567007276763203578e-03	9.876133492910993406e-01	1.121116358181877161e-04	4.865823257678566442e-04	6.844329884445468160e-04
4.640779749408418392e-03	1.198148576924615294e-03	2.817544048849507030e-02	7.101673475499474184e-03	2.130123065498641666e-01	2.326681701739556629e-02	6.707331901487201264e-01	1.218564851517606705e-02	1.128257626413228104e-02	2.840341921438408260e-02
2.456519951884397908e-04	4.119486531145827410e-04	3.264072195656721968e-04	1.934952375512350364e-03	5.925701920165544036e-04	1.822362731168275019e-04	1.295624337814082854e-04	9.937036943783579268e-01	1.583488353936078012e-04	2.314627643952481707e-03
2.047920573313888500e-03	5.274562149657690754e-03	1.984893247247260586e-03	8.302654478693086496e-03	5.732781403077916865e-02	1.922367448139201615e-02	8.604474637649736591e-04	3.157273049179033092e-02	6.655782891691226777e-03	8.667495201916705083e-01
3.630369264093855769e-02	4.776625616629137129e-03	2.366127853373140716e-02	3.166536649809964521e-01	2.129309380183678005e-02	1.301923140501243768e-02	3.340053477645211957e-03	2.778937072289919957e-02	4.598950337999844207e-01	9.326795502032647622e-02
2.742287333297844989e-03	1.528771708055367976e-03	2.442309244732460832e-02	3.805170807794166707e-03	6.596884957648674330e-01	8.116256175796549704e-03	2.865755126839954897e-02	1.235925536716478770e-02	1.326913973094764714e-02	2.454099793963520904e-01
5.064262656334816206e-05	9.928225789324408579e-01	1.109740764189889222e-03	3.404799546696635031e-04	1.024206455826069841e-04	8.623898843417783814e-04	4.305924038992908764e-03	1.193523211639352952e-04	1.813743750933048205e-04	1.050964569615271552e-04
8.123904872257781129e-03	4.285869981218757923e-04	1.352412243392693472e-03	8.479172982451711879e-04	9.372711725459534904e-01	1.466151145800835380e-02	1.273479229951476194e-02	1.417037400430960423e-02	1.897566953914279868e-03	8.511761326281735637e-03
6.486528615432547891e-03	5.938894345265094410e-02	1.309863855416565359e-02	3.580812240980794231e-02	6.389395575851193956e-03	7.239282494560802528e-01	1.020219437640604299e-02	7.222558616751507954e-03	1.126943034542096100e-01	2.478106548864438333e-02
9.996031708554332668e-04	8.451730846886047147e-04	5.635983456647527742e-03	2.555769049315182850e-03	4.207726381148553796e-01	5.471477680419389866e-03	1.091672701659032220e-03	3.056850179711136008e-03	1.153212727268531322e-02	5.480387052891629862e-01
1.112900909857616766e-03	2.503678715222526236e-04	1.233465099830914147e-03	9.880573305880737678e-01	3.739432518450158780e-04	4.965523630414864741e-03	3.978429710267546941e-04	3.239851371451576935e-04	1.107567125874362422e-03	2.177073414409323553e-03
2.019899153667902535e-03	1.640353701621122631e-04	2.982840192094858740e-03	4.190287047257503037e-04	1.829036447180308221e-03	4.389246223116274014e-03	9.865570345281658993e-01	2.203968287953888812e-04	6.898686098505600823e-04	7.286139422412820938e-04
9.927731356987119504e-01	3.025151689653924041e-04	2.396012620380694614e-03	7.862326202740841470e-04	1.304625884372199291e-04	5.118526249846540137e-04	1.020458481318640590e-04	1.245404081178716883e-04	2.042909874162062919e-03	8.302925478342554431e-04
1.782822150383540786e-03	8.631738481762456661e-04	1.982064194109516616e-03	4.248575415140698822e-03	2.181203506852032736e-01	3.578583149600403010e-03	7.922449139018015660e-04	9.468391588428314368e-03	3.598272907453800920e-03	7.555655211476024480e-01
