9.485743069532533989e-01	2.355466338455159477e-04	6.517560434750068778e-04	2.803454216169344940e-02	1.020105881619021854e-02	8.166076033491065367e-03	9.344903674389584431e-04	8.534487735407801819e-04	7.971242739988082006e-04	1.551649943072996212e-03
9.935987512349674367e-01	9.155630780831452444e-05	3.319027149757272990e-04	1.121181594061532996e-03	6.122834044706469496e-05	4.019016648149717312e-03	3.261159479093597062e-04	6.993215250490343420e-05	2.799371764263964548e-04	1.003778827494628331e-04
2.477549239928737990e-01	9.349913269484145563e-04	1.888510991180624571e-02	3.228985678508796212e-03	6.305942347033164364e-01	1.349054034664906240e-02	6.149543632696294337e-02	5.088915633821111326e-03	3.416141828478244918e-03	1.511072025063501210e-02
6.418852257217673440e-03	1.044385898066561760e-03	7.038605389890673428e-03	3.423134550508875017e-03	2.433466972628403613e-03	1.599813251783219984e-03	1.513230205149066962e-03	1.225834047274046955e-03	9.235690565319747414e-01	5.173362089550690573e-02
5.564955460930786496e-03	1.036760247695369926e-03	3.830602019876782303e-03	1.253138511909663091e-02	7.861419614261431349e-03	3.287463756048367852e-02	2.096282586763642975e-03	1.417457119528303493e-03	9.309631562502199698e-01	1.823344021143375208e-03
1.569655608264669891e-02	4.382192340337092958e-04	9.975550681788456116e-04	5.150052743061475646e-03	4.214955586391952620e-04	9.434318132511384514e-01	3.370851749200405936e-03	3.941374747150317944e-04	2.925018410023494733e-02	8.491347381516443872e-04
4.799672940266818343e-04	3.218315596664139233e-04	3.268089592345281395e-03	6.367069643623537653e-04	9.761925256592003386e-01	1.171378625712511798e-03	1.028384767199085970e-03	1.502934356761887217e-03	9.591832513206677898e-04	1.443899792940491096e-02
3.842837761203698695e-04	5.414952201653684856e-04	9.120289676798435177e-03	2.490954952061113625e-03	1.577079704544974122e-03	6.551434277256352502e-04	4.224369965009884889e-04	3.431091459976981679e-03	9.787116760818050931e-01	2.665548704301114180e-03
5.673974162993357991e-04	1.474173757010577496e-04	3.065197778786031080e-04	7.392358812762143093e-04	2.349859610303059107e-03	9.716204546145032397e-04	1.521156567905515274e-04	9.834314999383240163e-01	2.200747776167001244e-04	1.111425911119597390e-02
7.877893926278909222e-04	1.456188841682644342e-03	1.254871706278588199e-03	8.391284049620918450e-01	2.975776002480065921e-03	1.119172695185045446e-01	7.797508887967133720e-03	1.102702921614370432e-03	3.150375756921525855e-02	2.075730197537618230e-03
2.768619061708370559e-03	3.109764988429831577e-03	1.487159168955048136e-03	1.114952456783243825e-02	2.937702175172513582e-03	8.962034277262059812e-01	1.363189703027588946e-03	2.619849888523813602e-03	6.127240222476863785e-02	1.708836049537575813e-02
4.179636827460732015e-04	9.235312068978446731e-04	2.410891012545436553e-03	6.420532654036508607e-03	8.896713753406311209e-01	8.188371127501730155e-04	5.767874958380949128e-04	8.543911948104838949e-03	2.721689486685842027e-03	8.749448005976397102e-02
1.784938369260848263e-03	9.930350108753400930e-04	2.196935012777396883e-03	2.488710865673659806e-03	1.615546597602874612e-01	1.955660970811230574e-03	2.262910934374294004e-03	6.617077540192673434e-03	8.081128590467804781e-03	8.120649429452792001e-01
2.485174732954211797e-03	3.981585587979014594e-03	9.230613291154216027e-01	2.196526387609148978e-02	1.823890757935258712e-03	2.239453831442153597e-03	2.358319121762306615e-03	5.447747734403129635e-03	3.078779517977724145e-02	5.849440062233536922e-03
8.492696241217197357e-04	2.483511964935220364e-04	4.532787430387714110e-03	9.591247456418661773e-04	4.465583555143664836e-04	7.337064455056051780e-03	9.838422714193445495e-01	3.781218171765444026e-04	9.974319083622469780e-04	4.090190479015224246e-04
1.087847197084644037e-03	1.557403126265934187e-04	3.537406547487230782e-03	6.016130303603453968e-04	1.976146310030906569e-03	2.513483746269665805e-04	9.855036989949718107e-01	2.193387654480261366e-04	2.840828790072768596e-03	3.826031677290814715e-03
9.840824441403894784e-01	1.166524437025671538e-04	1.073223011721534653e-03	3.217770670663133649e-04	4.305557913311573942e-04	7.238510956039802963e-03	1.164450271591509597e-04	2.431195994757403439e-04	1.002520760169478596e-03	5.374751202944869771e-03
7.471952919592734013e-03	1.618909869926611275e-02	5.207716185554904162e-03	5.443303641412305938e-01	5.058431306793313362e-03	3.726126061749780449e-01	7.506776057548575874e-03	7.723327290973765365e-03	1.105907472888179900e-02	2.284065249518041005e-02
9.570867048956350764e-01	1.641557491420585571e-04	5.704071601795336881e-04	1.077495754916947676e-03	4.317579438448953676e-04	3.804532278027054903e-02	6.560758946048040772e-04	6.780966194072528047e-04	3.080177880469151604e-04	9.819654139517691380e-04
6.161841478144636230e-01	2.789918271274317851e-03	1.402213115440945762e-02	5.927903548002489559e-02	3.431149528303262773e-03	2.773869814754762464e-01	6.419697009079438840e-03	3.863693894876684548e-03	9.770592179281981440e-03	6.852653192810074546e-03
9.322711868053731778e-04	1.224038378983647462e-04	9.932594325374342059e-01	8.313789492370542156e-04	2.346558822051676783e-04	9.560624752588607850e-05	3.779502618884745656e-03	1.354282429714101271e-04	4.028919227762675095e-04	2.064285742614289194e-04
9.341226703429931491e-04	3.322128447346153323e-03	1.524031629451591714e-02	2.378878851686640900e-02	1.292084700663230154e-02	4.557461522822903524e-03	1.628593608401256686e-03	9.015353564477690540e-01	4.264699738200576455e-03	3.180768574710232666e-02
4.447022123865937708e-04	8.985968703722692075e-01	5.749772777014078295e-02	4.999231062230342221e-03	4.389837716593975731e-03	1.405891195391449590e-03	3.832806677758657590e-03	2.151167850778318985e-02	6.483912787735596900e-03	8.373416977101388143e-04
9.239812920477783647e-04	5.665443990894182937e-04	5.236073677590256416e-04	1.718680153205523779e-03	8.115849810634491891e-04	6.508351485669388063e-04	3.370999687302691171e-04	9.849807919431714520e-01	3.557085838096106707e-04	9.131166162556526855e-03
9.572522175768084507e-01	2.934193623625886154e-04	1.103931861688966761e-03	1.810556759881867990e-03	4.017125663070251237e-04	1.028611968102236679e-02	7.689675303023010529e-04	2.608442550065612621e-04	2.669131556915873768e-02	1.130914837461070768e-03
2.845361877023321745e-02	8.526342568634895369e-03	6.367670027233490737e-02	2.541001825431692396e-01	7.259542697426998002e-03	1.452119279852924494e-01	4.962611310396442682e-02	3.945480059243540102e-03	3.890891321488155752e-01	5.011095985088472038e-02
2.088008836693728708e-04	9.941756354611188673e-01	6.825203847567624113e-04	1.061456443085894048e-03	1.583749311713963904e-04	7.511923213474016236e-04	1.928289234209178225e-03	1.988598575523575632e-04	5.918611394498999277e-04	2.430093436389789570e-04
1.005123265441297515e-04	9.970870636434148171e-01	2.122259393474911979e-04	8.082197621205725914e-04	6.480664611853446456e-05	6.908464791811000242e-04	4.087655997660583854e-04	1.317281678363807084e-04	2.402560579187659187e-04	2.555753777523030895e-04
5.854353364006331661e-03	4.192287278450524627e-04	3.361262576272372547e-03	9.786604859040121118e-01	6.171398621081172634e-04	4.097100565218459063e-03	4.415202646673967103e-04	4.613813877740350700e-04	5.420256292029225487e-03	6.672710560669816663e-04
9.903625717328327915e-04	3.171218726497978483e-03	1.496501770658261593e-02	2.599589631186177696e-02	4.959034388957541117e-01	1.921052876299564338e-02	4.398318120348278237e-03	2.412727836817375043e-02	2.122181887321649557e-02	3.900161216628365568e-01
3.618607329311375291e-04	2.788671598057711806e-04	9.758336713736900370e-01	1.287420739637254279e-03	3.500145978165473504e-04	7.747105405385713286e-04	9.495217288199791312e-04	4.247655203648526240e-04	1.932710103888585912e-02	4.120665675097193886e-04
2.538771937138813704e-04	2.821828425869576874e-04	2.759752619821179381e-04	4.255954224730771587e-04	9.888232556056292255e-01	2.826112932459995809e-04	2.965227037473782074e-04	1.712536874566865288e-03	7.623316696783920482e-04	6.885111132376223013e-03
5.408214561011986249e-02	1.975836006517970971e-03	1.891673382238080780e-03	3.849109155051864874e-03	1.817725387835131701e-03	9.177945718225782867e-01	2.059330501473001854e-03	2.133676089165502821e-03	6.208158171889886952e-03	8.187773873130415811e-03
5.607901204000414206e-04	5.382342958754791299e-04	1.215289150487703935e-03	1.568086023842609747e-03	9.676881707258832011e-01	1.062673844528792691e-03	8.259346337201382794e-04	2.332842618492743034e-03	2.380432946224034056e-03	2.182754564054532886e-02
4.290539643203832541e-03	2.313778045961571630e-03	5.813046483655706642e-02	5.947716627594077862e-03	5.318474419229825001e-01	1.912109327581737808e-02	5.722717076920148804e-02	1.917146783813604080e-02	1.875581151537849059e-02	2.831945155251678337e-01
6.669757537114345900e-05	9.960129552696126431e-01	4.175281148624469915e-04	4.604076391932705498e-04	1.122083853265030934e-04	1.088967764810075444e-03	6.390849367061926956e-04	6.996371555541892363e-04	3.226957376084233007e-04	1.798174209548618460e-04
9.945677979326975615e-01	1.398326351953766290e-04	4.111253527145231480e-04	8.590258350152982756e-05	5.348453938275520784e-05	7.879069379119676021e-04	2.723340655306769661e-03	7.580085926729944327e-05	1.033513766211402495e-03	1.212947378109595527e-04
2.485174732954211797e-03	3.981585587979014594e-03	9.230613291154216027e-01	2.196526387609148978e-02	1.823890757935258712e-03	2.239453831442153597e-03	2.358319121762306615e-03	5.447747734403129635e-03	3.078779517977724145e-02	5.849440062233536922e-03
1.373701241984014382e-03	8.547326067144428094e-03	3.891062193462764725e-03	8.310398930348626978e-01	1.623864428730445713e-03	1.389286815729895430e-01	4.029047414661231577e-03	2.982618189861449293e-03	5.307755895800169224e-03	2.276049960503560409e-03
1.777308364379642683e-04	9.900089306164758796e-01	8.285310503677075899e-04	1.567597637087710929e-03	2.432779906133078496e-04	3.265966992705703585e-03	2.024646150278563202e-03	4.624587313646977087e-04	7.057429049194740775e-04	7.151170897488312280e-04
3.850290858955459500e-02	1.186568690161628409e-03	1.840409883394445237e-02	4.539507250209695761e-03	4.046299630138634577e-03	2.801073561531890275e-03	1.880515608277535467e-03	1.422965501538780335e-03	9.096326903103724160e-01	1.758337202427044665e-02
4.785542401764027176e-02	1.186415815354159966e-03	8.000275315326156947e-03	1.950836914274073700e-02	1.111982049749598613e-03	1.256424861676550542e-01	7.898684452911449716e-01	1.128539426861996072e-03	4.282746127077031659e-03	1.415316646450066667e-03
9.122221109181685161e-01	7.925589238435306032e-04	6.808353487945718180e-03	1.316765159002012894e-02	6.190799629595977217e-03	2.682323433178491687e-02	1.940899208723516822e-03	1.558796290526030630e-03	2.112956396773643317e-02	9.366031651655021967e-03
1.282353486477682755e-03	3.579455199878506591e-04	2.614007968321498294e-03	9.883354755051998453e-01	8.038762386467683888e-04	2.360520469349956969e-03	6.800306308282022625e-04	4.979442177669770328e-04	2.685831450887504052e-03	3.820145125336712848e-04
9.945677979326975615e-01	1.398326351953766290e-04	4.111253527145231480e-04	8.590258350152982756e-05	5.348453938275520784e-05	7.879069379119676021e-04	2.723340655306769661e-03	7.580085926729944327e-05	1.033513766211402495e-03	1.212947378109595527e-04
2.020535271997679974e-03	1.112253368891977234e-02	5.611035893881246434e-02	8.646738696836833160e-01	1.912137764216083379e-03	4.346474387931525962e-02	4.661377324768836358e-03	5.375336627225698119e-03	5.831974704473494482e-03	4.827132116587470184e-03
6.085446941432601231e-02	4.125865725442071368e-04	4.284156178454177205e-02	3.715877482167252764e-04	3.270488730845331950e-03	1.522891240745943538e-03	8.868064004671261102e-01	3.168577417916132477e-04	7.746307716887929464e-04	2.828525528173489890e-03
4.786504673102163002e-03	3.935586545331108861e-03	5.991473109830304233e-01	1.367669500709579322e-01	2.175728805099507498e-03	4.343651718905561405e-03	1.517715365233511179e-03	1.767619316115339248e-02	2.273773456530830128e-01	2.273013024103391969e-03
8.159226760413405962e-04	2.938979722914482492e-04	4.039029995531509196e-03	4.930714547608322723e-04	9.699057420832003437e-03	5.389639704629901841e-04	9.730718374611537769e-01	1.509789356244403214e-03	8.076945158023454653e-04	8.730735176879146631e-03
2.407007960357944335e-04	3.708477463518840452e-04	8.034418888020150671e-04	1.437036393388039634e-03	9.539407454264602348e-01	1.468790507483608721e-03	2.717763013425521972e-04	1.982065025625479905e-03	1.880565978955403778e-03	3.760402993555493623e-02
6.171032639052944583e-04	5.325416161761270311e-04	6.995829284567147473e-04	1.458978454299438661e-03	1.538039739687553920e-01	1.053646032239306590e-03	4.416359315139718159e-04	4.073298933797933445e-03	3.742817024917145883e-03	8.335764218459387198e-01
2.917162120482753602e-03	3.246261313769801551e-04	9.380569803225501796e-03	1.124107760645262329e-03	2.332915381625198792e-02	1.050052192488194064e-02	9.356242219196747589e-01	5.323512963190963482e-04	8.385484832777076805e-03	7.881800394364972540e-03
2.725486259222118001e-04	1.512309487930796120e-04	2.237343992956826282e-04	3.271119921900517364e-04	2.896438732012859819e-04	2.974812932201961638e-04	9.716192803563336708e-05	9.913771141048223212e-01	1.411319796492662912e-04	6.822840854870235519e-03
1.701526730426338417e-03	2.198304878853711477e-03	2.228054130156269588e-02	5.626642734960763531e-02	2.933736697723170195e-02	2.398986667820447900e-03	4.552492920346881168e-03	6.816784144987228164e-03	8.585659125359270671e-01	1.588165649323630690e-02
5.384614125964618317e-04	1.089476057207277356e-03	8.810690343948860415e-01	1.330954933551312287e-03	3.778214384346480974e-04	1.476418109619585719e-03	9.705094224669692793e-02	1.376089605967756660e-02	2.386015449638840494e-03	9.199798976915191237e-04
2.186382885122468381e-04	1.700872073632365370e-03	1.480243281989649740e-03	1.931177785929756238e-02	1.117226841588305798e-03	9.512006602972550512e-04	4.009240829971536229e-04	9.518215525606595895e-01	1.187281063860564723e-03	2.181028328716514211e-02
9.385671051838121413e-04	6.562618002657725916e-04	1.920245260595346845e-03	1.643597200753346352e-03	5.592072671480296511e-04	1.637543577567500972e-03	1.140759676020518297e-03	6.871067299596523388e-04	9.895772531349295020e-01	1.239458247576354089e-03
1.266412824134413020e-04	9.941730509557177298e-01	7.374246411803265849e-04	1.684536434801036904e-03	1.297641310824857808e-04	1.115720754817270052e-03	5.771405863447387876e-04	5.953900907359392734e-04	5.087898851438417370e-04	3.515412377632740493e-04
1.627454409990946975e-03	1.787497965225426149e-03	3.704749191787187063e-03	2.037995031720046535e-01	2.524666333673227566e-03	3.611557184443406343e-02	8.554532359152390011e-04	7.005237696872083572e-03	7.340528222188188456e-01	8.527043931278330269e-03
1.337667872016499874e-03	2.013539752035154156e-03	2.208580097749930898e-03	2.055524812085718703e-02	4.617977556819107682e-02	9.910197020471060714e-02	1.520516532172981215e-03	1.914526293308792607e-02	3.576268167023648192e-02	7.721747572489421341e-01
2.764700235458976679e-04	1.261514200756866844e-04	8.169419168228683401e-04	8.927372191204980059e-04	4.760104541153942865e-04	8.485891531814418855e-05	1.229162972380297490e-04	9.961281100277754597e-01	9.737012867601275458e-05	9.784335973120840326e-04
5.464138406126870309e-05	1.487719151727885875e-04	5.586924648745731454e-04	3.201765849506164061e-04	4.946671028255908821e-04	1.782483385715794824e-04	8.725500123872558390e-05	9.969241027650873610e-01	1.357790977870588481e-04	1.097665345430452744e-03
3.405174978149396944e-04	4.735603202817266358e-04	9.620943983775994985e-04	9.767413810004372809e-01	3.100433941754615033e-04	1.586807975991907059e-03	2.378382871390940319e-04	2.699394500082592449e-04	1.647194289605663151e-02	2.605874779716947035e-03
3.321665928685460512e-01	6.672965946475702820e-03	1.098858414408023509e-01	3.732578854066092022e-01	9.542858141571824993e-03	3.638350416477575955e-02	5.866227575663307721e-03	1.379760555169408029e-02	1.150647821290590352e-02	1.009200406909558922e-01
5.810912966993561288e-03	1.389247647831176775e-02	1.899499554173417031e-03	7.354051515141043494e-01	9.439574475761072087e-03	1.038379488612711093e-01	2.199198948894656724e-03	6.031780172790936548e-03	1.014810805873700011e-01	2.000237644032909490e-02
3.021996701715394442e-03	1.458278405021899427e-01	6.705250234549676829e-03	7.261383189563204166e-01	4.660987153160720334e-03	4.866899502276711420e-02	5.264328302080247511e-03	6.310808891682824148e-03	4.327722369388292689e-02	1.012425054165055037e-02
2.749305737653754550e-03	1.832825940161015394e-03	1.478544408698385937e-02	4.516796834534404260e-03	2.975341486710540440e-01	5.149565381488298461e-03	3.844282068850984023e-03	3.592996046831934548e-02	9.058723137727422645e-03	6.245989476732268786e-01
9.144535169650259698e-01	1.481271035144457590e-03	3.431212826009432618e-03	4.901234274339806053e-03	9.810701458405019035e-04	4.507910409059098095e-02	2.443601979328620735e-02	8.702941582947613854e-04	3.121101271716855002e-03	1.245175439751007584e-03
2.000490603129211238e-03	1.988627482670965398e-04	3.596478130821645792e-04	9.889356277658645222e-01	3.684545958176557311e-04	4.267668209175716314e-03	3.775010362005501289e-04	2.787804961365173513e-04	2.467389430740493574e-03	7.455773015860689239e-04
9.737693120593944997e-05	9.956682418663103107e-01	6.343608431040890843e-04	9.361729003428301103e-04	1.028365128902948534e-04	4.120800254835798172e-04	1.224710553409364073e-03	2.483640575525874203e-04	2.342659560002449714e-04	4.415903537008547433e-04
1.943864994853680131e-03	3.959435316308638976e-04	4.137759696136462787e-04	1.445940631867270038e-03	5.031215627991380591e-04	9.825654258318607948e-01	1.381772443152299657e-03	3.395337944688104443e-04	1.047685194728761870e-02	5.337692924659731162e-04
3.781821739906586510e-04	6.852047214360031894e-04	8.982196441735958809e-04	9.825045677559832713e-01	4.551517336703886493e-04	9.212327339305067739e-03	4.079855250034190254e-04	6.316156948561936100e-04	2.680150416786539376e-03	2.146594994794696204e-03
2.226955374566552768e-03	7.176171601137438794e-01	7.453937709559481373e-02	1.666457919904638929e-02	1.195080340808416137e-02	5.210780837482012484e-03	2.206954532364417340e-02	1.287142059642909508e-01	1.494471689353265090e-02	6.061875790014258428e-03
1.804186042959744080e-02	1.853212008171904474e-03	8.833174290671347295e-01	3.205274748399977551e-03	5.244103952383174019e-03	1.253354813223857625e-02	6.327043698819358186e-02	8.781946763897274322e-04	7.621741311922418903e-03	4.034198685568683544e-03
1.570050513468959977e-03	1.294027663635964761e-04	9.940097601544664041e-01	2.443580759315975648e-04	1.811513808322660869e-04	1.474845122169964105e-04	1.312945416453698173e-03	9.733935558747173729e-05	2.143998637177711893e-03	1.635091875011226699e-04
2.691531696225479657e-03	4.195619605098705233e-04	1.898832793186583726e-03	8.246270953766964267e-04	2.195642611593536051e-03	4.949658602597805865e-03	9.796550027695853924e-01	3.330596326379124043e-04	5.528688350945045946e-03	1.503394487341682328e-03
1.242631333454606492e-03	2.067556431702526065e-04	9.861462765539106279e-01	5.756355378644857114e-04	4.956354711072943203e-03	5.803153195770622717e-04	2.531548408695971815e-03	5.188124322751828856e-04	1.573876626690247100e-03	1.667793433288474207e-03
9.805350219248808452e-01	2.742518338882506471e-04	6.383672557493452401e-04	3.597389554881762815e-03	2.747726797331347462e-04	7.535943011104509481e-03	6.915146587797329743e-04	2.926435397864582443e-04	5.090932535839092117e-03	1.069163005356943983e-03
1.538420124725996437e-03	1.003362661165419552e-03	7.710485556266164636e-03	9.048169284697005557e-03	7.119198753486996600e-02	5.632534951383971755e-01	2.026280295002611843e-03	2.245301344108015847e-03	4.768251772144792289e-02	2.942999803393197000e-01
3.307817210009254133e-03	1.745228787799463499e-01	8.553284787697972361e-03	5.243079338087112962e-02	1.092660737698084167e-01	1.059380827973178257e-01	3.842040021873550232e-02	5.421013170406726450e-02	1.658290798718205575e-02	4.367676293643641405e-01
8.910496958633262569e-04	3.277128469539995238e-03	6.923395975098414930e-03	5.320916428290046844e-03	1.461274601352951629e-03	4.149777847384694858e-03	1.803087135730770466e-03	1.650142125357825524e-03	9.723605469484347674e-01	2.162680772947346043e-03
4.497543713022246611e-04	3.879118884340035096e-04	8.989372632833068748e-04	8.626648247126770218e-04	3.750080772384242755e-02	1.322165135514502109e-03	5.126001019208960849e-04	1.557066393986709409e-02	2.458086481311406914e-03	9.400364082698114965e-01
9.951972348150919245e-01	6.171476042152490061e-05	8.525950584294624316e-05	6.511030027824128263e-05	4.006094473626205260e-05	3.675579566057832117e-03	1.187075980667398091e-04	5.874188585853739594e-05	5.919655428479098135e-04	1.056250807980926826e-04
2.714263589351342864e-04	1.203580820913949115e-03	4.525013480818662268e-03	6.939071314087716770e-04	9.684437234095770730e-01	3.832322126427434913e-03	1.221969478169217770e-02	1.638714169390996555e-03	9.808497985820765520e-04	6.190767922253665595e-03
1.777503440809563649e-04	3.489138206842473514e-04	2.214554420706820164e-03	2.661421268144612494e-04	3.476064193344652851e-03	1.360362673539001642e-03	9.903922040921437908e-01	3.148280794765958928e-04	7.664153007988035084e-04	6.827649484107725349e-04
1.838359889506909666e-03	1.797588953878182308e-03	2.370415533758521431e-02	2.866910314102077105e-03	8.105609126860216507e-03	9.023573155171008432e-04	9.460444675583231655e-01	6.699035232681705386e-03	3.741740324184093108e-03	4.299775947361464054e-03
7.473667568483716942e-04	2.306134433585938903e-03	1.902218049987831200e-02	2.488047524243107000e-03	5.278362005164634330e-03	9.150630763599082451e-01	4.343935772668097023e-02	2.457824110556023050e-03	5.538154955478430744e-03	3.659495627655815798e-03
4.013667792161097737e-04	7.199888690849183624e-04	7.901381875643669409e-04	9.538102482820072225e-01	5.686436134877496116e-04	5.298349137989701203e-03	6.502140221950795202e-04	8.876246086443837511e-04	3.118413199867619071e-02	5.689294501134199364e-03
3.810082567286608712e-02	5.058841080963455243e-04	5.422372957602089594e-04	2.294926906032011132e-02	1.846131766344082797e-03	8.880396243294705894e-01	8.045347027142093913e-04	6.445181192652216793e-04	1.639969177543726744e-02	3.016728316972598287e-02
4.407605242064918416e-05	9.973564104331552604e-01	3.558825679532844652e-04	5.612699834303908151e-04	1.023357281211477411e-04	4.496931294400416173e-04	1.627152606063682349e-04	5.488509973869458523e-04	3.024610556543980990e-04	1.163047918314608499e-04
1.065628228671929912e-04	1.710642147408688728e-04	2.636115614833790181e-04	2.211616285278512201e-03	3.161977679264654133e-04	1.054932470224639814e-04	9.144275736179157722e-05	9.957703259001565721e-01	6.124859900669349724e-05	9.024368441560435194e-04
1.217454346288944977e-03	1.363533470772147716e-03	3.151766296590629082e-03	5.073996151960427636e-03	6.932235291995801907e-01	7.445172311023910520e-03	1.288937978106774592e-03	1.372108425514331417e-02	1.033171079183473062e-02	2.631828151986990161e-01
4.550367953498140293e-03	3.285792150025185036e-03	3.256729865514724868e-03	5.352908747275516438e-02	1.600636647008047905e-02	5.225570083575746816e-01	2.574156022919643801e-03	5.061276325192997499e-03	3.643513787594044318e-01	2.482783662303451183e-02
7.483252207856748439e-03	1.840365106216528413e-04	1.986958320680665005e-04	1.422199519197621387e-02	2.953771652318938558e-04	9.315566982919805117e-01	2.415298801929958387e-04	3.476504196472874806e-04	4.487766951508564972e-02	5.930949853391554935e-04
6.766792796595976888e-04	1.537282460918260648e-03	2.630893853495544672e-03	3.365020337578664925e-03	4.229628233586571993e-03	9.675813384086838775e-01	1.193498830429181624e-02	1.304266637177160315e-03	4.539677880874579650e-03	2.200224603733715121e-03
4.941877719234274036e-04	5.196209947195031854e-03	2.775360055647201063e-02	2.884615387982356755e-02	3.115149883898422553e-03	4.655871149896051854e-04	5.304944958700846380e-04	8.532902415830062592e-01	5.093173825631439403e-03	7.521520094119006627e-02
4.969355970716496070e-04	1.184539642441673126e-04	3.906986764931729816e-04	2.259498017593342719e-04	3.367773515995024607e-03	1.333141771958475368e-03	9.924118463377906707e-01	1.552498876261049589e-04	4.881378188120719976e-04	1.011812628249210855e-03
7.194580547834152670e-05	9.973649434887464915e-01	4.463547451967322184e-04	6.689533948153490511e-04	1.183659902570548999e-04	4.110877072400595154e-04	3.506499863242625221e-04	2.378707444899878852e-04	1.779513202824052295e-04	1.518768171691982827e-04
4.560171071264397936e-04	1.096476257912311174e-03	2.585318721065435737e-03	1.641401474974731219e-03	1.698395041749738979e-03	3.966876979109535545e-02	9.472983785584067062e-01	4.387403293222316117e-04	4.705807314990674388e-03	4.106954033564105930e-04
5.334929327289249061e-04	9.619632129371267215e-01	4.534162004695558613e-03	1.612478039860428414e-03	5.064519955783711473e-04	5.041202119414247423e-03	2.227345776198717819e-02	9.371307635087137121e-04	1.054528145092438170e-03	1.543883300007604497e-03
1.544864506348323993e-02	6.901255810998486702e-04	9.189792184106850836e-01	2.257595636726657772e-03	1.051734966345566850e-03	2.386077143161638263e-03	2.862514386813390030e-02	6.684601712514288974e-04	1.769665259024497464e-02	1.219634656886762342e-02
4.069070506083426186e-03	1.350003483528424125e-03	6.435590328873086463e-01	3.217916613240106184e-03	1.027676057919390791e-03	2.097194254107097484e-03	5.554689799457573907e-02	1.879995344436812378e-03	2.860261554080446023e-01	1.226057450755820705e-03
1.039139271751422241e-04	1.743295695945111285e-04	3.076063225833309601e-04	1.108730673651908390e-03	4.930036089334094429e-03	2.884869633381150454e-03	2.012879266112524348e-04	9.837859213136742609e-01	3.430751362268602274e-04	6.160229407767387269e-03
1.685714574963986844e-03	3.332869383889224251e-03	6.329313075028892427e-03	5.067415915414810387e-03	2.217867385256437271e-02	7.666898260376868619e-03	1.832417532360058844e-03	1.965032650747052662e-02	8.987029544417748372e-01	3.355341645615642771e-02
1.895670600779847219e-03	1.490722597347230068e-02	1.294244052133483591e-01	2.583184995254516822e-02	2.592897360287603828e-03	8.543353070649734385e-03	1.910610483352957571e-03	1.614675644901620091e-02	7.890300174839636194e-01	9.717213412584276358e-03
1.821225023108963845e-03	6.973096284405877780e-04	2.596991112787931655e-03	2.418984775095437377e-03	9.381773398145604181e-01	3.389423970545385294e-03	1.251509012938870069e-03	2.885497013290732552e-03	3.713679113859188682e-03	4.304804053537268638e-02
2.455003241756621539e-03	1.330407647816844036e-03	2.234768693862301207e-03	2.727692999073346933e-03	8.392649387941358841e-02	2.258353983376106943e-03	1.944701286349395002e-03	4.962859564458861616e-03	7.389004981121949540e-03	8.907707137227709460e-01
1.340200172154979667e-03	3.013095871163094710e-03	1.619712235427217886e-02	1.842959180626820709e-03	7.041464850662126906e-01	9.801214733218098149e-03	7.026408361134907354e-02	3.364068338158355490e-03	1.152438640923807850e-02	1.785063842636067377e-01
2.725486259222118001e-04	1.512309487930796120e-04	2.237343992956826282e-04	3.271119921900517364e-04	2.896438732012859819e-04	2.974812932201961638e-04	9.716192803563336708e-05	9.913771141048223212e-01	1.411319796492662912e-04	6.822840854870235519e-03
4.025355262733937138e-04	2.133977073395793792e-03	9.117884568212421270e-03	7.284791032973790027e-03	8.916314209638854724e-03	5.233165756277873134e-04	6.080931694283013382e-04	8.178230938059479760e-01	9.613686857021634669e-02	5.705312546828520542e-02
7.605804785367417664e-04	9.364601680893819280e-01	3.569828660344175324e-03	1.032697253549870117e-02	1.317297115761313555e-03	2.038800393752562574e-03	2.778368033492520199e-03	8.228478139683558998e-03	3.169931678213831067e-02	2.820189771410085838e-03
4.050790151093904175e-03	4.360167965914243417e-03	9.640296825318580565e-01	8.378805226461222624e-03	7.875573507872076938e-04	1.430463782868104201e-03	5.535813588356844686e-03	2.741805635221867665e-03	8.011603628875933053e-03	6.733101385625755737e-04
1.289253125192288147e-03	1.701803207182825796e-03	2.156375402056397595e-03	1.353145653836911877e-01	3.016260981094324167e-01	8.501558671141468126e-02	1.353430438589956321e-03	4.527950553527478050e-02	1.435887813684772613e-02	4.119045039503176353e-01
5.841533211901623734e-04	7.586682345496598536e-04	1.928469297021833491e-03	3.725917118404665218e-01	1.420229692977998618e-03	2.177143985749597707e-03	5.432804719276868597e-04	1.936754491040022178e-03	6.158956142844089765e-01	2.163974380667668326e-03
1.951065823984757036e-03	3.023530502328442265e-03	4.872875855411213687e-03	8.916278867430351210e-03	2.622866222412261524e-03	5.479334304924835669e-02	6.070548169791420770e-03	3.075515580932600655e-03	9.123252268418939881e-01	2.348749086566575325e-03
3.277025809093547727e-04	4.248544920663396688e-04	1.179273236459773850e-03	1.594624840746765608e-03	9.815918516268166139e-01	7.238749613528887902e-04	4.399988045205182230e-04	1.206884706713658596e-03	2.575057192258265685e-03	9.935877558155883568e-03
1.598812918678881034e-03	8.236487904390977777e-01	6.482761357694717674e-03	1.336939809706507408e-02	3.046837655116551007e-03	1.153577468221158725e-01	1.278466683361267897e-02	1.369971925897369922e-02	6.685509039078578117e-03	3.325757578566587800e-03
8.758583220125322477e-02	4.325259031069898091e-03	3.411461755084707059e-01	2.518093153942113638e-02	2.079129839403181731e-02	3.514598427389133833e-02	4.045856503454208219e-01	7.413991912762054291e-03	3.377277388842996747e-02	4.005210290524937461e-02
8.405234771840776548e-04	9.404482711710253628e-01	5.437954340590462135e-03	7.978186952848473693e-03	1.243451566174078775e-03	2.998852485426438397e-02	6.738859130091543262e-03	1.992200195873222550e-03	3.708541117341636502e-03	1.623487194606551640e-03
1.326452182291088303e-04	9.941633381107038980e-01	5.531439811372522528e-04	1.081125919850871959e-03	7.563719697744309377e-04	8.398091069702923878e-04	4.084404963900754057e-04	6.983548916631524819e-04	8.633127150755335938e-04	5.034575902054500658e-04
1.564924957338120922e-04	1.252851589425380387e-03	9.952727522899507129e-01	4.163079411461223902e-04	1.180831078063987509e-04	5.261938272286878883e-04	9.316027069400113205e-04	3.104044518032733060e-04	8.774807664207259642e-04	1.378308235449188918e-04
3.198394454913566797e-04	9.791282424202150114e-01	1.030512405296432621e-03	6.953753223877461942e-04	5.572737385898388681e-04	9.572680068157296725e-04	8.676172711041981594e-03	5.267304359664520819e-03	2.598557522528216913e-03	7.694540679687744168e-04
5.014587330635422914e-05	9.968816097638665275e-01	5.775554686744917895e-04	3.892942116909459582e-04	5.843704714611076389e-04	2.878071382878123578e-04	2.812885590667265419e-04	1.146321670638177049e-04	7.270091799081017945e-04	1.062871666739587947e-04
4.689640848644695444e-03	1.508553391484702716e-04	5.400147758231980131e-04	2.549663344724243915e-04	4.342191126667482295e-04	4.000352862030040653e-03	9.886396762579099384e-01	1.234066304356003479e-04	5.066649776844162675e-04	6.602028611845083949e-04
1.945685171623494445e-03	8.997141099637321563e-04	2.202008503670814347e-03	2.094294661470834720e-02	1.007565754097117195e-03	8.559845784900851906e-02	1.561522662195347034e-03	1.113930462291575635e-03	8.832886517203474286e-01	1.439517152093742515e-03
7.533061992065604004e-05	9.952748790619058150e-01	1.364799675532104737e-03	7.573327532370234191e-04	8.882640877936379652e-04	2.193856484181930819e-04	3.965377572620963197e-04	1.753129845211439763e-04	6.801566062622113433e-04	1.680008051474513053e-04
2.879538391923534921e-03	9.337898991672081929e-05	1.815771743436789439e-03	1.744189736915456818e-04	4.423879071231954390e-04	1.214034638709499906e-03	9.928482776848113200e-01	9.796253770253545942e-05	1.808819543882018012e-04	2.533471782966933939e-04
8.136254847817800710e-05	9.964739590199019892e-01	5.962235428062169669e-04	7.477534009944152796e-04	9.082791815095320501e-05	4.009682636524947207e-04	8.312308282091074915e-04	2.165677735729505443e-04	3.976515828511258750e-04	1.634551213824879769e-04
3.973695853488524825e-03	1.165933178463144856e-02	1.750571733896743101e-02	6.320064068697106574e-02	5.604760306014631467e-03	7.769941614497783977e-01	7.979711325211049505e-03	3.473510899648092967e-03	1.059469025640273343e-01	3.661567791262128422e-03
9.468051697494110630e-02	6.094626409950508125e-03	4.843360078977181904e-01	6.239338064568367842e-02	1.902253676608929231e-02	7.005069110210580818e-02	1.721376793295352481e-02	8.220081014924100760e-03	2.231673169044497418e-01	1.482107435118410095e-02
5.887643172212669168e-03	1.306121108907629103e-04	4.518359768643159108e-02	4.748985215841912215e-04	1.259157941444954444e-03	6.706455168677939943e-04	9.409133366959702149e-01	2.130553536159748797e-04	3.970304810940348747e-03	1.296748190041522794e-03
2.714263589351342864e-04	1.203580820913949115e-03	4.525013480818662268e-03	6.939071314087716770e-04	9.684437234095770730e-01	3.832322126427434913e-03	1.221969478169217770e-02	1.638714169390996555e-03	9.808497985820765520e-04	6.190767922253665595e-03
1.656232065832324504e-04	3.913638388314457511e-03	9.844443077189146685e-01	1.033410619702083717e-03	2.006024218886569592e-04	1.699317592622490841e-04	1.908429161706888663e-03	7.393861301390798222e-04	7.180916627310724928e-03	2.437539661776420786e-04
4.556355994248877344e-04	6.211115362606722985e-04	5.241354942241691073e-03	4.036233511134622331e-04	5.586692665808857573e-03	1.788973663041129722e-03	9.837801281334336290e-01	3.469179059074844161e-04	7.834377980187570874e-04	9.921244047494505794e-04
6.593050626424893984e-04	6.228146230589023946e-03	1.129828145014841320e-03	4.663550306885537455e-02	2.514962806100864631e-02	1.133950875343521167e-02	8.282255471621937336e-04	5.498842792030770275e-03	1.113282312525127292e-02	8.913981892140101504e-01
1.157178641543034868e-03	8.230777643481061506e-04	8.202102830754379095e-04	6.026401293440736794e-03	1.835968390333209480e-02	1.454211017880043325e-02	5.454829465179757792e-04	2.419721117425860935e-01	2.232256547095119812e-03	7.135214866992609650e-01
4.992723565961861053e-04	4.031019926760980076e-04	8.196235026185201208e-03	4.882204453030075599e-04	8.760069122477032177e-01	1.012752689070584890e-03	1.406189273509229334e-03	1.620056276278035315e-03	1.647102533195682599e-03	1.087201571594827304e-01
2.396308264396572549e-03	8.963053511184152855e-04	1.507243596927716148e-03	8.987385141562243343e-03	1.176531177923227645e-02	4.456985311802225819e-02	1.056950080932351609e-03	3.209030915606964681e-03	1.105511264435717934e-02	9.145564991078439787e-01
1.164165788810032215e-02	1.000609074139047344e-01	1.733649738984444771e-02	1.092953040272140325e-01	9.491187269535399096e-03	3.585530107309178177e-02	2.998655736851250642e-01	7.374404992495264995e-03	4.024891429602934223e-01	6.590023300395526570e-03
2.523455181441526182e-02	7.969201450450010818e-04	1.402428746786587264e-03	7.880017761330171400e-01	2.322827616677969505e-03	3.005589570225609616e-02	1.056761648963764483e-03	9.714407434218335973e-04	2.089371123914271489e-02	1.292636862102735928e-01
8.443634236944224866e-03	7.094130338193899892e-04	4.599430112916314158e-03	2.283712482408421611e-03	1.804097395734909764e-02	1.422721077732578762e-02	9.437409649250446675e-01	2.551105910173209930e-03	1.633858718195912649e-03	3.769695845822794607e-03
3.566903172393238747e-03	6.901865530315812736e-01	1.991935052229885580e-02	1.289476114134071594e-01	1.186653346399311158e-02	8.978747884293830639e-02	2.549526894041290181e-02	5.411768715072168105e-03	2.087108653009503434e-02	3.947445367808004486e-03
8.990832524867031599e-04	2.445730245055314383e-04	2.528243489073093661e-04	6.665369140168430663e-03	2.714041633285788437e-04	9.850989000051013633e-01	1.924218683843930051e-04	2.560046353940206528e-04	5.346848664186111023e-03	7.725708975376398974e-04
9.249419645814352942e-01	8.743983670946099988e-04	9.438853177403597541e-03	4.369529319376693963e-03	4.918354945911378303e-04	4.320218482296461250e-03	1.921460645214591008e-03	5.220713154737665045e-04	5.029503462673889924e-02	2.824633990374855047e-03
1.604737300649217505e-03	2.736591240371958906e-03	1.128526786886621322e-02	1.937277541031188349e-02	2.372409815668182972e-02	3.558792702419932407e-03	1.619721412674209873e-03	1.602609018612640573e-02	8.652784574519440941e-01	5.479346826995437625e-02
3.990835899967793733e-03	2.239442270955243619e-01	6.915211419928311842e-03	6.295777277541528272e-02	2.115992817507926851e-02	6.289245333112791769e-02	2.191725821017146900e-02	1.205371581252127552e-02	2.789128620535898800e-02	5.562773110749053007e-01
4.689640848644695444e-03	1.508553391484702716e-04	5.400147758231980131e-04	2.549663344724243915e-04	4.342191126667482295e-04	4.000352862030040653e-03	9.886396762579099384e-01	1.234066304356003479e-04	5.066649776844162675e-04	6.602028611845083949e-04
4.520117032356624903e-03	1.118024038351929069e-03	1.499586592681947592e-02	4.237997259692003436e-03	2.600072409295977605e-01	9.648666572794339924e-03	6.687776084291322531e-01	1.059431899762687881e-02	5.278943329440878574e-03	2.082121748418779353e-02
2.869638532376664981e-04	3.572557663460285268e-04	1.766082159648567026e-04	4.764146346265738657e-03	2.711981470599903799e-04	1.053947393232806029e-04	1.296268783139938637e-04	9.913187738389993564e-01	1.153795695983768956e-04	2.474652644890814289e-03
1.346452758206176598e-03	4.727147843013600886e-03	1.842781522612905358e-03	1.380542499144620655e-02	6.459017380009562936e-02	2.506255919123617781e-02	1.302028657399660313e-03	4.314619840170503401e-02	5.653841242590222811e-03	8.385233915916944225e-01
3.496615616194743981e-02	3.006736478483934636e-03	2.210812285082242729e-02	1.587867283584976641e-01	2.111251688018037434e-02	1.490337555187429275e-02	2.471187330365735325e-03	1.301239599206059465e-02	5.895967203254337541e-01	1.400360600703336456e-01
4.135153095605371629e-03	2.159516279421198198e-03	1.400173684840998016e-02	4.499980231026662857e-03	4.730079302263019425e-01	8.830566012611737806e-03	2.272323310070887767e-02	1.636969588813349044e-02	1.430739536185950123e-02	4.399647929559211135e-01
5.753007185027507833e-05	9.929956722608747066e-01	1.148151491791076645e-03	3.791300306736868271e-04	8.913459410293026700e-05	8.882687916641025458e-04	3.892528497379386075e-03	1.820156355299040914e-04	2.338327942489873597e-04	1.337358318851066506e-04
8.138419510664013715e-03	6.728233795082870115e-04	3.233227138480411142e-03	2.174943012978881353e-03	9.266821874286088612e-01	1.656634066139402520e-02	1.120153506218100371e-02	1.745729557115332023e-02	1.974013720450462032e-03	1.189921451458060379e-02
4.518436049450165991e-03	1.679513424348738626e-01	1.593888476787137451e-02	4.810481310719239012e-02	5.548578863225138262e-03	5.972403550309527409e-01	2.194110992249142036e-02	8.352182847522288123e-03	1.071431606479158888e-01	2.326113632850466267e-02
1.118125285061208557e-03	7.094797313526261936e-04	5.650259971851089545e-03	4.216200858993135112e-03	3.240180678620179777e-01	3.077804073104700635e-03	9.984020141728369626e-04	2.170713253900825174e-03	1.324625956832525646e-02	6.447946873812203661e-01
1.060090170845971345e-03	2.141279361122539479e-04	7.636327971505557253e-04	9.914995146436641482e-01	3.976498749479058753e-04	3.596533666200558109e-03	2.921458643992172997e-04	2.388010214616721402e-04	9.354358865658793896e-04	1.002068138651898829e-03
1.107257982298989057e-03	1.259364772333544191e-04	1.162505116629153909e-03	3.847520252088436712e-04	8.542098464330733507e-04	1.724929992971506497e-03	9.933033698664045508e-01	2.078671135637405584e-04	6.078167639265976080e-04	5.213548153304528067e-04
9.911489460856136580e-01	1.810985816568705972e-04	3.272982194249654357e-03	5.543593839620619430e-04	1.696223624670541977e-04	9.263103894389729991e-04	1.376217086426281279e-04	2.729431724663341206e-04	2.168022062240857351e-03	1.168094059262113609e-03
2.335433787180795848e-03	9.133888355194936561e-04	1.945149065022965494e-03	3.727462053459127712e-03	2.080626761062119578e-01	3.129848139633478570e-03	1.284051659840459427e-03	5.319889637973989997e-03	3.416423589033459624e-03	7.698656771261241927e-01
