9.602211664816158176e-01	1.914697790059894278e-04	6.524793701521320070e-04	2.792783076076808466e-02	1.690856512406232375e-03	7.293719178521913989e-03	3.607880628266329636e-04	7.245672862095792199e-04	4.266757267178127749e-04	5.104468417755408851e-04
9.942379335396395179e-01	8.038525049866251351e-05	4.307584940052654036e-04	7.360145163467818503e-04	6.742987287327220484e-05	3.643536142245842012e-03	1.481813890720195257e-04	7.133192408969052259e-05	4.395111720827360956e-04	1.449176991459785193e-04
3.547924903047189327e-01	8.789893585586570999e-04	2.058253902753104728e-02	3.108969118111734424e-03	4.753518673223697810e-01	2.659949776163240617e-02	8.640064688108871349e-02	6.581224747475663932e-03	5.323535689375102908e-03	2.038023978913815551e-02
4.402593331783626399e-03	7.149018751515460578e-04	6.134452571754766236e-03	5.608117198962544493e-03	2.539054345179073049e-03	1.297313057155424516e-03	1.214764257082904132e-03	1.465142980889708223e-03	9.477467407511853681e-01	2.887691963085494209e-02
8.010521663829294967e-03	1.058507674637313009e-03	4.134403611881694654e-03	2.110795047755486750e-02	2.841367605214728184e-03	5.347955765889983448e-02	2.611686767843136078e-03	1.288342332924851362e-03	9.027419420711931819e-01	2.725720136021055583e-03
1.038745997201332913e-02	3.342159426886814671e-04	5.477118910024917188e-04	4.015120697407127334e-03	3.337315688278195166e-04	9.591795944332228707e-01	1.348031743738961445e-03	3.078280254151600018e-04	2.316873400714582198e-02	3.775717185380153226e-04
3.489773603461087358e-04	2.094298466211394494e-04	1.653210530848605317e-03	4.424687532229195893e-04	9.848104151525751693e-01	5.642915299500807485e-04	1.107966814937523655e-03	9.622619257975336413e-04	4.781623145536786435e-04	9.422815771147433420e-03
4.735125033805235055e-04	8.057938958863083501e-04	8.459907000010579228e-03	1.468970866268544525e-03	1.891617206600098959e-03	5.590885482784157352e-04	4.974908822285118793e-04	7.699187643257039346e-03	9.738462896392986456e-01	4.298141814791286638e-03
5.212948588011592560e-04	1.699347008095962843e-04	2.636872939639966704e-04	9.091766553801380012e-04	2.532339815534857298e-03	9.887654118883484715e-04	1.788856201294035495e-04	9.801539112754656946e-01	2.283854621388197283e-04	1.405361890588800733e-02
1.235128424795694331e-03	1.421156209361778807e-03	2.131813684019022610e-03	7.383270405078090626e-01	6.767441221654793386e-03	1.680768511600586601e-01	1.373272734637433906e-02	1.668661914336674835e-03	6.315770363640116347e-02	3.481475895188768967e-03
3.846439833641663187e-03	1.867614272743302415e-03	1.780927428702792307e-03	1.466007185087453597e-02	4.063933102241880368e-03	8.791609879117802118e-01	1.199952328508382396e-03	3.402579247891367349e-03	5.450967895981032041e-02	3.550781506380544517e-02
3.234956261790727645e-04	6.979698481446482616e-04	1.486104420493908600e-03	2.496969124724503220e-03	8.980185654121318750e-01	9.746808342316704097e-04	4.987218684482917254e-04	1.084445127725139693e-02	1.843316823583560082e-03	8.281572476481098566e-02
1.372913628719575662e-03	9.423666774298044549e-04	1.470417149889279495e-03	1.447104439050237844e-03	1.215859067877811533e-01	1.731691117208817351e-03	2.168087301383289384e-03	5.250613226544223813e-03	9.666603869178364006e-03	8.543642958028151435e-01
1.200197774672355196e-03	2.660863244358955670e-03	9.471911205325381777e-01	1.896210633677449311e-02	1.169556284527339821e-03	1.890899196185671146e-03	1.341675853172922574e-03	3.366302027897542619e-03	2.002010187145541673e-02	2.197176878417096777e-03
1.122980789796421391e-03	1.460260198112506497e-04	5.231636904933002243e-03	1.026172555950823247e-03	4.129356081132926483e-04	5.245626054381553709e-03	9.844717646043515957e-01	2.055765176291715797e-04	1.923090065098141850e-03	2.141908799344026935e-04
1.958805433822934268e-03	2.627963886805008528e-04	9.565854789084641749e-03	9.744443752294655375e-04	2.250973861563359581e-03	6.002287210647182019e-04	9.741812619109614380e-01	4.116505614406811139e-04	6.080572946313072408e-03	3.713411011838958428e-03
9.829101375158109111e-01	5.814283525178733081e-05	1.181568367301693862e-03	1.021006927756937764e-03	6.847536614180200392e-04	5.623017967627107899e-03	8.138090971028149386e-05	3.926606742403503710e-04	1.268999996346951596e-03	6.778331144535778598e-03
6.232877785892651686e-03	1.332306786650018157e-02	7.023375354187973325e-03	4.370798142301936529e-01	4.305029250519666791e-03	4.750934189804082997e-01	5.100206896095329373e-03	7.442370704379111697e-03	3.354964538105829203e-02	1.085019355076492081e-02
9.636844412451708308e-01	1.710056055848115791e-04	9.688453017463722174e-04	7.410702795769819311e-04	6.303202887549304171e-04	3.131023776334695280e-02	6.455077089057106345e-04	5.105597514906648916e-04	2.682918816100568590e-04	1.069720173812778105e-03
5.104870226479255590e-01	3.348490952890555931e-03	2.308135488555132508e-02	6.173931715713356499e-02	3.040850372506682508e-03	3.711557723188704250e-01	6.325555123546368515e-03	3.552480567827173089e-03	9.165126887032635714e-03	8.104029086715777361e-03
1.301028735658992354e-03	1.564845465735871727e-04	9.940588059365031981e-01	6.227260050972746944e-04	2.257769457385671186e-04	2.442379469698604502e-04	2.492750574770944121e-03	1.478515622583234819e-04	3.611564159743494307e-04	3.891813304549348457e-04
1.003424128298125535e-03	4.973885898426741795e-03	9.600512738165712864e-03	2.448342724638013015e-02	3.574503162619597357e-02	4.351014242257420124e-03	1.777685610009713301e-03	8.716303109538690030e-01	6.237622080089324020e-03	4.019708547630791023e-02
3.449370687107991703e-04	8.609633516211728788e-01	7.292022478318010981e-02	4.732856575757195955e-03	3.173378423538565467e-03	1.207648394351666741e-03	2.134294371049356726e-03	3.578366803795423462e-02	1.812370540450175191e-02	6.159353197833995937e-04
8.253036835513417185e-04	9.331662510107474823e-04	9.127283745967991295e-04	7.910207081388206116e-04	5.722492144505270410e-04	4.266870659382633970e-04	1.920631769668681825e-04	9.868864363974424458e-01	6.077416290607467108e-04	7.852603498843424568e-03
9.529927719367344841e-01	1.781204823207854250e-04	6.647229229735225576e-04	2.592639982957669134e-03	2.514052006943786059e-04	2.054478230443157472e-02	3.401706177202747160e-04	2.664428564624209302e-04	2.068888303940208048e-02	1.480060656302527788e-03
3.674175311817688694e-02	9.950834807494569889e-03	2.709008977598777179e-02	1.903622157346271104e-01	4.084119722038870304e-03	1.912554193360704591e-01	6.436098212230983995e-02	4.556308298368339817e-03	3.818599816346787690e-01	8.973829545024729348e-02
1.421183275017964581e-04	9.938794927533740609e-01	8.655175440540092014e-04	1.307751790290845794e-03	1.942293041751032366e-04	8.275661055509826248e-04	1.502463810874268661e-03	2.275914901564778754e-04	6.689515703726116487e-04	3.843173036499793064e-04
1.102172330569717708e-04	9.973900721107049616e-01	2.769910238719570147e-04	6.574653634788893289e-04	7.209511923150126590e-05	4.610486846336303676e-04	3.289193063154342801e-04	1.718414505257450980e-04	2.474303020071356974e-04	2.839194061736475486e-04
6.909684673207384942e-03	3.788381605921103501e-04	2.608382379413022503e-03	9.805104042309563672e-01	3.282198310702943251e-04	3.124833217620591290e-03	3.105839284359465766e-04	4.174042604439487055e-04	4.913511743067566426e-03	4.981375751925077233e-04
1.072077763070871086e-03	3.465506671218307640e-03	1.375795379629543569e-02	2.739064808644659302e-02	2.879696812908952852e-01	1.892211144962954381e-02	4.469933059906485741e-03	2.192062324057544170e-02	3.768105838979755873e-02	5.833504062521644995e-01
4.450193807318721930e-04	3.570273308346312785e-04	9.621684008344247863e-01	1.763826736946654331e-03	3.427076428596603449e-04	4.713162772315808977e-04	9.171876590926349333e-04	6.306272508615181141e-04	3.245762008269389293e-02	4.462668043228702557e-04
2.144439075606631028e-04	1.891839041375278886e-04	2.626904713223959819e-04	4.696362834401355667e-04	9.926520123325361933e-01	2.199207086044988578e-04	1.731174506045023360e-04	1.439205509104521169e-03	3.901322485623532742e-04	3.989657184127051032e-03
3.389879011683842591e-02	1.485363867058505901e-03	3.165694923880009969e-03	3.031237872903314295e-03	2.902816501569450373e-03	9.340118432146986560e-01	6.618337803414831803e-04	2.838679803567769385e-03	1.329970784528842175e-02	4.704032073854182670e-03
9.172712820939872688e-04	4.441956491763493801e-04	1.726665302725458474e-03	1.432091591579620279e-03	9.650163094297401489e-01	9.333660669877467649e-04	1.111421511495551016e-03	2.795164894042560626e-03	2.421515775225705630e-03	2.320199849693297539e-02
3.219733354607273029e-03	1.765575743971134828e-03	3.800609470282746705e-02	4.166351495512322575e-03	4.383183924959649369e-01	1.239240760406103495e-02	8.097211294876664744e-02	2.443637928813485391e-02	3.196752632513995274e-02	3.647554260410143523e-01
4.387851088339320274e-05	9.967683069939005103e-01	5.309786168461631079e-04	4.122473381897438132e-04	2.451802553598796250e-04	4.898852666087705589e-04	3.969959260460289522e-04	6.717839956642125514e-04	2.863829794416014552e-04	1.543601170597805761e-04
9.970239096255570921e-01	7.047639942107906410e-05	3.460188916976638610e-04	5.937988597968879247e-05	3.541136120001524761e-05	5.892398346434505729e-04	9.839001811909630670e-04	4.312176909616437513e-05	7.930254846226799216e-04	5.551656659125577361e-05
1.200197774672355196e-03	2.660863244358955670e-03	9.471911205325381777e-01	1.896210633677449311e-02	1.169556284527339821e-03	1.890899196185671146e-03	1.341675853172922574e-03	3.366302027897542619e-03	2.002010187145541673e-02	2.197176878417096777e-03
1.722657462149956593e-03	1.474463755161517335e-02	5.150448145780321153e-03	7.845871216034735474e-01	1.589508254679847851e-03	1.775731058830789799e-01	4.904311573048037581e-03	3.269082004070410653e-03	4.268499160293644061e-03	2.190628361810192937e-03
2.314484280801053912e-04	9.875499653320600757e-01	1.050445414298418600e-03	1.236683941420514167e-03	5.353610990548698153e-04	3.580422255358956408e-03	3.559506323290283908e-03	6.443062469100228982e-04	1.114890926398986711e-03	4.969700331279604515e-04
4.363347573692410303e-02	9.783975324016052147e-04	1.501490260130237953e-02	6.939677429761145940e-03	5.618287428960696411e-03	5.888627443180020037e-03	1.831459419587979287e-03	1.486920806485215714e-03	9.058004045744272315e-01	1.280784702696971880e-02
1.560111334332698121e-02	5.366261908152208373e-04	3.293910265418705831e-03	1.144673378488813772e-02	7.322384903541245653e-04	1.283603902860874779e-01	8.350022728352166634e-01	4.366797207684054477e-04	3.830583791068601068e-03	7.594512920556686746e-04
8.101022076689856632e-01	1.328265679173837527e-03	1.172138028625182259e-02	2.693367164934172553e-02	1.228090592422236005e-02	5.590352130703123840e-02	2.993671842979025392e-03	2.664639663227588631e-03	5.722557075544736777e-02	1.884616522333919936e-02
7.029064183503322362e-04	2.757225245513055499e-04	2.287560992926710151e-03	9.915142952934251630e-01	4.981362185988305949e-04	2.562278585284709451e-03	2.752396572886769760e-04	4.073452735142616245e-04	1.050845874228336762e-03	4.256691618314670028e-04
9.970239096255570921e-01	7.047639942107906410e-05	3.460188916976638610e-04	5.937988597968879247e-05	3.541136120001524761e-05	5.892398346434505729e-04	9.839001811909630670e-04	4.312176909616437513e-05	7.930254846226799216e-04	5.551656659125577361e-05
1.288358077803692606e-03	4.319693363162901978e-03	2.487667002447717032e-02	9.229884964495516098e-01	7.418117299662922628e-04	3.627693992866400097e-02	2.545450754046462306e-03	2.326059955826851808e-03	1.938914530846684667e-03	2.697605185654256780e-03
1.182804917615041113e-01	4.942291838723952835e-04	2.510951229648763702e-02	3.483887292151262023e-04	1.687936396301482423e-03	1.422917007020950333e-03	8.483737872660630508e-01	3.177929218090678890e-04	1.049780883549769964e-03	2.915163554176378527e-03
4.568306515828382888e-03	4.604742440163932422e-03	3.766975233309470816e-01	3.285635137967314878e-01	2.398573015856487762e-03	4.140931764999160845e-03	1.753351499261708579e-03	9.856695147594112666e-03	2.606755839819868692e-01	6.740778506630816513e-03
2.674191778863361092e-04	2.805135490402394091e-04	2.025417291242893793e-03	3.647126949039907959e-04	4.487429373650518756e-03	4.593674852710660284e-04	9.861089392833988221e-01	1.085397579950734886e-03	4.164003786812850438e-04	4.504403185974227043e-03
4.539556883447278153e-04	6.792501372721726364e-04	2.593645900665300479e-03	2.401701383759452611e-03	8.955226829760555285e-01	3.874226377812788578e-03	5.154667208683168765e-04	4.120176280424774247e-03	6.280640828067800621e-03	8.355825370672911867e-02
1.087610964166357353e-03	8.841354429698376543e-04	1.672827419156997083e-03	1.964468236786231711e-03	2.051490264806516417e-01	4.385555561234732481e-03	1.182351686554379642e-03	1.198019719025879976e-02	9.473696216717356067e-03	7.622201308015037480e-01
4.238136735350353512e-03	3.876067336312261102e-04	1.124971045071839620e-02	1.456219977859737544e-03	3.675461493882076908e-02	1.163122645423305714e-02	9.151286339441556672e-01	7.361744425764440557e-04	1.001258445842509795e-02	8.405091864229215920e-03
2.158413416445001886e-04	1.420890382478556758e-04	3.037928202757137213e-04	7.597848177305542789e-04	6.688602049405528802e-04	3.463061698768452306e-04	1.090819391140863764e-04	9.869486204829868159e-01	1.546776128473525741e-04	1.035094557233576067e-02
7.776464236243446973e-04	1.039340563244496541e-03	2.609484770458530764e-02	2.553802212645505179e-02	1.242803066698765745e-02	1.010665773483273742e-03	2.119541373183608541e-03	3.230707013086118757e-03	9.192400546182939447e-01	8.521143737056067341e-03
6.781828759162725033e-04	2.959836376509986360e-03	8.680480847202466377e-01	4.313774440502718757e-03	3.140926736428530076e-04	2.499348829008188680e-03	1.104554168150256865e-01	5.342619506297318147e-03	4.591153000499149928e-03	7.974907623511869352e-04
3.097354989800877190e-04	8.463567086489197496e-04	1.614050716381314199e-03	2.335212755018810024e-02	1.916958153046249358e-03	9.909676798713984783e-04	3.302538223261125561e-04	9.486942785748893048e-01	2.297603859382868312e-03	1.964766743628553261e-02
1.161057058259036762e-03	6.958575650802269977e-04	1.869870446609936789e-03	1.381568516476361580e-03	5.837719784550316968e-04	1.850017690389943589e-03	1.090532484536131013e-03	6.162706976605585897e-04	9.892613528803627654e-01	1.489700682169900047e-03
8.433413779082575589e-05	9.960259546506244899e-01	5.453410737661258797e-04	9.893798537806634385e-04	1.276372445794482448e-04	6.093450215742118869e-04	5.103676743711866746e-04	3.873161192980987600e-04	4.448481168168500507e-04	2.754761073978904159e-04
1.256330009422862611e-03	1.375104477646380604e-03	2.369542454939753927e-03	3.139268728154394061e-01	3.058232629110887654e-03	4.182558276445724060e-02	6.728758713141464549e-04	1.979963806692747880e-02	6.039361495685107162e-01	1.177967134223103368e-02
1.232485847945687801e-03	1.363085556867393985e-03	1.538114932318939863e-03	6.389453758782103789e-03	6.461686818096090690e-02	1.487017466786543229e-01	1.381373417064262225e-03	1.655765831380388853e-02	3.815255644355898534e-02	7.200666568700435644e-01
1.644327286468531683e-04	1.283564568878483171e-04	5.520627403895328814e-03	7.631736543690076759e-04	4.253420023365121088e-04	1.106073499805992633e-04	9.524174845163163627e-05	9.915729146686158568e-01	1.524655479709829454e-04	1.066838438845364853e-03
6.621746229465194753e-05	1.409311454283263736e-04	3.793772662539080507e-04	6.086678710431552659e-04	4.255859019820960269e-04	2.146697663174937419e-04	9.202719416202743052e-05	9.963516282465870733e-01	2.304995292285593627e-04	1.490395616702778732e-03
4.805773555347883945e-04	4.287821769758474988e-04	7.881857701566535694e-04	9.770294460550517091e-01	5.278245880064027715e-04	1.100819016442510173e-03	2.197412999366904973e-04	4.730002780415895397e-04	1.571346842155406723e-02	3.238155038299866256e-03
8.470441191777214329e-02	3.607917055054316122e-03	1.411838490569958249e-01	4.756039154443248429e-01	7.691848679812431436e-03	5.834330229327776285e-02	4.001260311645269026e-03	1.203068101296131745e-02	1.602029680648175275e-02	1.968125174216744100e-01
7.103819672913542528e-03	9.574196045704629413e-03	2.159682533191695231e-03	7.254803338914461719e-01	1.923804738496850616e-02	9.262082168724153353e-02	2.580393310474667513e-03	1.318429550137121056e-02	1.043314062479889781e-01	2.372700372469895708e-02
4.844045211244081203e-03	9.864454054323265608e-02	8.144354820324063368e-03	7.041319371259202597e-01	4.976507132635050318e-03	5.372184724682765866e-02	7.073878558610770077e-03	1.748588344615813195e-02	8.969641099165157061e-02	1.128059492339578140e-02
2.831292597053472644e-03	1.943002958807511999e-03	2.752612101506212230e-02	4.465575303584156351e-03	3.387018784135208405e-01	3.431998188059586473e-03	3.710016660445402802e-03	5.124733710192536790e-02	1.110562682531495045e-02	5.550371509362265199e-01
8.655641463936259994e-01	1.917762639742136808e-03	7.889036514250175741e-03	6.438961856227552391e-03	1.050440778202916094e-03	6.696616987430237256e-02	4.057777119116477704e-02	1.967788407084135761e-03	5.968493814872207967e-03	1.659428530527729722e-03
1.370592906206011177e-03	2.148721679142902047e-04	5.198932738653105337e-04	9.913421381339487803e-01	2.448822545124649543e-04	3.337811178153870118e-03	4.153693262729909520e-04	2.787329315649645050e-04	1.424904445309701931e-03	8.508033822515241812e-04
8.227469677276328503e-05	9.965818877757317562e-01	5.173776766743238501e-04	5.500490725483355488e-04	7.683993044294579471e-05	2.641758139859139479e-04	1.209574545777177294e-03	2.028299652205876663e-04	2.912452424960901374e-04	2.237452803501742752e-04
2.398943400302438068e-03	3.459980600464011499e-04	3.129759976088571810e-04	8.365896491187533191e-04	3.366603834045834372e-04	9.874988004208536951e-01	7.265902151406251983e-04	2.563549585395393329e-04	6.879149181672468069e-03	4.079377333128537801e-04
1.308220304025534695e-03	6.933980567097841304e-04	1.714269211697343935e-03	9.722343786971129331e-01	4.241717793716110732e-04	1.750564206015350899e-02	5.897368800015493793e-04	6.637110430115341015e-04	3.066425761240079012e-03	1.800046206675973235e-03
8.656655132203826958e-04	6.114715653347304603e-01	6.030571611985291458e-02	1.075713552772915652e-02	4.494879356111134740e-03	1.525684373330399388e-03	1.189371445282104249e-02	2.720765541635652984e-01	2.488072230545905483e-02	1.728362853180124854e-03
1.175953058319943734e-02	1.737758239721207782e-03	8.567135712393761926e-01	3.145388534348142386e-03	3.572900523732593699e-03	1.402464971709448636e-02	8.965341516923895637e-02	1.155752831198442014e-03	1.423964765374684423e-02	3.997385508343546945e-03
1.327205764796619185e-03	9.167757707663625627e-05	9.945668991652988344e-01	1.248656208548372046e-04	1.507601125122345008e-04	1.687412623098389730e-04	1.689603339539614548e-03	7.333255300802483891e-05	1.673092475659280782e-03	1.338221289440867114e-04
3.019658572131812563e-03	4.361141303985230670e-04	1.061446404953712234e-03	7.776111723101205913e-04	8.573828154424354298e-04	4.539262971299830134e-03	9.842632769640334844e-01	3.356426167978209711e-04	3.247892124548953669e-03	1.461712228083510406e-03
1.226405510126959628e-03	5.060516040083055944e-04	9.736142152725246746e-01	1.473353191953931428e-03	7.379457538424481940e-03	1.613928217984442930e-03	6.390536273620473981e-03	9.511310172647611519e-04	2.087080762223254837e-03	4.757840611868886446e-03
9.875500373918995045e-01	1.231878713970413280e-04	3.482956860126633814e-04	2.836718426573175446e-03	1.655317185663879081e-04	4.274510236526046607e-03	2.424998536451916946e-04	1.692013608441396790e-04	3.334599751067345193e-03	9.554177034683534108e-04
2.174031370599924327e-03	7.941116296251834929e-04	6.497096401318794116e-03	2.252939234772569771e-02	7.269335086337581908e-02	7.067016705355813055e-01	1.310459871107767663e-03	2.872088894276128915e-03	6.205068034933741705e-02	1.223771177370518298e-01
2.835959953828417601e-03	7.235750496561549339e-02	4.193352980323986068e-03	4.274652433631108417e-02	1.055558614693311997e-01	5.257269811492806810e-02	1.512653526301896249e-02	7.212363074007720198e-02	1.340381184117792231e-02	6.190841203353876221e-01
1.414193330614945581e-03	4.836130741699079007e-03	6.877082215439814933e-03	1.829072215177376948e-02	2.136934064291045200e-03	7.657124709975916994e-03	2.246711943360136729e-03	4.979612728438329201e-03	9.477611383430595282e-01	3.800349771347418405e-03
1.050851087515822062e-03	4.440025256879223735e-04	5.814180068582760954e-04	9.612467229328000139e-04	3.210208607336587083e-02	1.503939040044010569e-03	4.255712306421974202e-04	2.245719813988016414e-02	2.629919150990991938e-03	9.378437680220819139e-01
9.962608345203706195e-01	2.959829992001214872e-05	7.607342358980022747e-05	3.933339253517505028e-05	3.362676478563488605e-05	3.009207156682121558e-03	1.217452547366747954e-04	6.593808300921678736e-05	2.910961990255547371e-04	7.254690534516421358e-05
6.477915319271720061e-04	2.091168220752634942e-03	1.027611434408053082e-02	4.870484554983702126e-04	9.530690300639288459e-01	5.242118021718963905e-03	1.329403733279276197e-02	3.597794668075472192e-03	1.341791983988465959e-03	9.953105377236808049e-03
2.179203567484195702e-04	1.727309154974628947e-04	4.192888004156487304e-03	2.052164346164485516e-04	4.598467400472228475e-03	1.379715317369522047e-03	9.871892584548525029e-01	6.919044842164669661e-04	2.952210851686133436e-04	1.056677546901905063e-03
2.844426351121443278e-03	2.604956791918021462e-03	9.653988099802991718e-02	5.837518754681463029e-03	1.059095596147915930e-02	2.283703992195988772e-03	8.434438365023005924e-01	1.492316403588931327e-02	1.049131281332069815e-02	1.044024379906338326e-02
6.514409010942961683e-04	1.205116292733638978e-03	2.594662241933051727e-02	3.082209501286865567e-03	4.398017248300406870e-03	9.274435597853717406e-01	2.672840849373351799e-02	2.425217541253356281e-03	6.099094434013426977e-03	2.020313382882245583e-03
1.214450482478277547e-03	6.223569218410757121e-04	8.784968457628419087e-04	9.344744110012938032e-01	1.420383420430998715e-03	5.533168075486552540e-03	1.371085431127311771e-03	1.217876961573479376e-03	4.494977354060838287e-02	8.317997319397172490e-03
1.466274143163995118e-02	2.028412975867619730e-04	2.450932863721419757e-04	1.633930975632959248e-02	6.144512667927906754e-04	9.472523787293822828e-01	5.224143653735044716e-04	4.078610947016616910e-04	1.044965404750324879e-02	9.303254724318088531e-03
3.021383593631678715e-05	9.981445945335631897e-01	2.508721640930246699e-04	3.655470591134792231e-04	1.108554692714749452e-04	9.932845791480983877e-05	6.558238318042353121e-05	3.631521761270132512e-04	4.384698399686927242e-04	1.313840808315123695e-04
9.548186279611144145e-05	4.470130124812860895e-04	4.922630366350576716e-04	9.752938032694003379e-04	3.291166257927908624e-04	1.205673423690352620e-04	7.785697770047743025e-05	9.967527587472514439e-01	1.221474959822060923e-04	5.875010957222614278e-04
1.089974681310500702e-03	1.333992780003036976e-03	6.067445809111304302e-03	4.932789346590819336e-03	7.146611840932033388e-01	1.246873845345511898e-02	9.344843048449286713e-04	1.970784562256079966e-02	1.424410342347524026e-02	2.245594414854448218e-01
3.938874922213534031e-03	2.652571201626174793e-03	3.990106626993358482e-03	5.360577363970523562e-02	3.038845695401108313e-02	5.375334986148573302e-01	2.143273952524330471e-03	3.867999506896541238e-03	3.189931055541370686e-01	4.288633902703539030e-02
8.401961126020917117e-03	2.443050477496633809e-04	3.580455174346020334e-04	1.365473337877837895e-02	4.489731286551912901e-04	9.251888946731798846e-01	4.038889440080425052e-04	3.903253170804907844e-04	5.026542838452223438e-02	6.434444825705815454e-04
6.296483509682540385e-04	1.674942782594094140e-03	4.035225004463442559e-03	4.707522407888116087e-03	1.718711567450150954e-02	9.476791283417024259e-01	1.660896900328443990e-02	8.242659907703930519e-04	5.627597957497328628e-03	1.025584486329981886e-03
4.937297549493516657e-04	4.790258304980594094e-03	1.063163280845507916e-02	2.657973785694438609e-02	3.645056549190144567e-03	7.925251299898904665e-04	5.433475049235958953e-04	8.950764787841882786e-01	8.198847411803730431e-03	4.924838589457490590e-02
6.002652042278419945e-04	1.424707980801592875e-04	5.672416980412873285e-04	3.082294831910560476e-04	6.318389755393200892e-03	1.531160019542935789e-03	9.883274071319926302e-01	1.560085461473853876e-04	9.441733099438984287e-04	1.104654053439537136e-03
1.004953069800311769e-04	9.959348922638496804e-01	1.158228342880301704e-03	9.211681765886821404e-04	1.116088960232879210e-04	3.709223116153468453e-04	5.969074793008212910e-04	3.839571698698110176e-04	2.301244986983368114e-04	1.916955541939505505e-04
6.639161230121674731e-04	9.519316459773841501e-04	1.809048562708285950e-03	1.754969391035706306e-03	1.147437054681753115e-03	5.243478055212925232e-02	9.330248546008921284e-01	3.136590890700484695e-04	7.555260896665266616e-03	3.441420838282303538e-04
4.635757471826275973e-04	9.497184598266846800e-01	3.790108813701990702e-03	1.041073274310109565e-03	3.928390958069498547e-04	2.890429428231698281e-03	3.869705482520201245e-02	1.075426607927310258e-03	1.164367756347284635e-03	7.666646246053281967e-04
1.347462735246232092e-02	5.403345984278363177e-04	9.434322219506013907e-01	2.283868317518434818e-03	8.416025016651802054e-04	2.349458016266321638e-03	1.907260467719406466e-02	1.930406238722549720e-03	1.371794699788820432e-02	2.356929349253885156e-03
2.867741024659148461e-03	9.473652805185653336e-04	7.447893920260831857e-01	4.907046452206923794e-03	7.131857137492540050e-04	1.127281870414836504e-03	5.968676747326131377e-02	1.980875206540993073e-03	1.819248351407062592e-01	1.055509811859336317e-03
1.677679591970777852e-04	2.785515001058296697e-04	5.758198903746268756e-04	5.761471841413162882e-03	5.413225897804332422e-03	4.927920666117066584e-03	2.331593453619772789e-04	9.686773754811476289e-01	9.583162246971310911e-04	1.300639119378114300e-02
2.147964933705011348e-03	4.656785566765072465e-03	6.764197352937571968e-03	5.197014708096727754e-03	1.382468294776581508e-02	5.995304249282831267e-03	2.408746814393615283e-03	3.409260578173926859e-02	8.778985354092304627e-01	4.701416223608363004e-02
3.130880099667890642e-03	1.469009941376288146e-02	1.040977774399000216e-01	2.549848645344661088e-02	2.492288271484654257e-03	1.281790248570954457e-02	2.452486272871485205e-03	1.074225556116661755e-02	8.055313863451315504e-01	1.854643765685872261e-02
2.708466941572033101e-03	1.433285044742512934e-03	6.244303275408107437e-03	6.744593059214482392e-03	8.650653744419510849e-01	5.866315745686073203e-03	1.352919036421568839e-03	1.043845822673324791e-02	7.545982501693191888e-03	9.260030172657782166e-02
2.117014944244541026e-03	6.621699035442583968e-04	9.674517280358692524e-04	2.346158946014816060e-03	5.226356169913248112e-02	7.330134601990043620e-04	8.063396908307297450e-04	2.986357996573889631e-03	3.453634888904801893e-03	9.336642967425196060e-01
9.524605245800977019e-04	5.514893091852443932e-03	1.992169721580137887e-02	1.307714896543702311e-03	5.420550307042568683e-01	1.812811401716531504e-02	1.149961658638847251e-01	4.042731747026782375e-03	2.534489480310616466e-02	2.677362971357825083e-01
2.158413416445001886e-04	1.420890382478556758e-04	3.037928202757137213e-04	7.597848177305542789e-04	6.688602049405528802e-04	3.463061698768452306e-04	1.090819391140863764e-04	9.869486204829868159e-01	1.546776128473525741e-04	1.035094557233576067e-02
4.478886740508837040e-04	1.745220617013051997e-03	7.793069670206106449e-03	7.496799596353014884e-03	9.027219992653301092e-03	5.228197906701194343e-04	5.937178357505250000e-04	7.424837533123497257e-01	1.831739910071742139e-01	4.671551950377904328e-02
6.129568378261796404e-04	9.589753089299262179e-01	4.463474641027243700e-03	8.454214730726264046e-03	6.886748562904522952e-04	1.461912091936742181e-03	1.343170309352993827e-03	8.684596914282064276e-03	1.353639199403041012e-02	1.779298694601188753e-03
1.601403108544936218e-03	2.530666866625021303e-03	9.536226906101334944e-01	1.292694474225834431e-02	7.057974312073204796e-04	1.726742677685188642e-03	6.818556669989959268e-03	1.950910898120908300e-03	1.679030851144087261e-02	1.325978483994044287e-03
9.950001496632306010e-04	1.267317869360627333e-03	1.565302305396698134e-03	1.365952973199002773e-01	2.180384716404430434e-01	8.529540962606596555e-02	8.704864201902343460e-04	4.470519624011144721e-02	1.056252196994401753e-02	5.001049964589243668e-01
5.440086445980810885e-04	4.827597323290932856e-04	1.099922921697112435e-03	4.578424520104969475e-01	8.979302228109609964e-04	1.463327461318114512e-03	4.419075400535729431e-04	1.097158609884118455e-03	5.344270272145089651e-01	1.703505642302970699e-03
1.331798733188429597e-03	2.609598788380687855e-03	5.766725092693621331e-03	1.103516502731680116e-02	2.534570097995542982e-03	9.580135087133627436e-02	2.526376546562230253e-03	1.496903932058913289e-03	8.747474040777539761e-01	2.150106832713379306e-03
1.964147588968676093e-04	1.774192737591858966e-04	5.555866636736608985e-04	7.857833306172659540e-04	9.881990903294243234e-01	2.526805665077778355e-04	2.534383248902168703e-04	9.867277029679832629e-04	8.133644713184882665e-04	7.779494577944312712e-03
8.571914628352432074e-04	9.318295062739913037e-01	3.264251831035472774e-03	7.819966084008297957e-03	3.634513113293281247e-03	3.831402919103860799e-02	3.548318399116701018e-03	4.148686181988130682e-03	4.295676058367190429e-03	2.287861404325668840e-03
3.908370921823297456e-02	4.123782451076153308e-03	1.980447177295683869e-01	8.563651471898572551e-03	1.254874448576986067e-02	1.276643325336399883e-02	6.922029804257076036e-01	3.284759301825091338e-03	1.579545373258819246e-02	1.358576792996920961e-02
2.484015749911120514e-04	9.850956304662932261e-01	1.757987519800064454e-03	2.120544122934498333e-03	4.171951412309069396e-04	4.449499676505144427e-03	2.686835369823715753e-03	6.360394631186517449e-04	2.105797942343526526e-03	4.820687229593465157e-04
1.655554015749621224e-04	9.919684038279618088e-01	6.625377187122353856e-04	1.789419995091614136e-03	8.757367319137935755e-04	8.511316828436142059e-04	2.460107376913929001e-04	7.976786279363889910e-04	2.045196722976613899e-03	5.983285532977868949e-04
1.428568689531494688e-04	1.785652621429433505e-03	9.940692627292107009e-01	7.034531557832834512e-04	2.237834715377724196e-04	7.775213545542489007e-04	1.045117550309298919e-03	2.103438254346690908e-04	8.065337658596790716e-04	2.354746569280548709e-04
4.917151509676178462e-04	9.721471972203421519e-01	1.820944097651717780e-03	2.862669607764135003e-03	4.733501292734427937e-04	1.453488979385726557e-03	6.866134354808685336e-03	9.226286021193888867e-03	3.625606215966969102e-03	1.032608222645815810e-03
5.369391515791461432e-05	9.970702633178738505e-01	9.078077607838201148e-04	5.254657596369178467e-04	2.774575733622324718e-04	1.749045609313910757e-04	1.523182215268252863e-04	1.233632142474853173e-04	5.819586858838495403e-04	1.327669905953928863e-04
4.476420952787439275e-03	1.062899680420452582e-04	4.317891008886130247e-04	2.462252909238310137e-04	3.052693515934364337e-04	2.599966145950626147e-03	9.908087375081675585e-01	1.252970748159637168e-04	4.384610697624084308e-04	4.615435370679803347e-04
1.507525623519625048e-03	4.195810386943337410e-04	1.631128851300121460e-03	1.291378223275734503e-02	7.668530736512241828e-04	8.982166831443240407e-02	5.716736629042971831e-04	7.214895515438092847e-04	8.909570432588311828e-01	6.892543923656167066e-04
1.544631307772956512e-04	9.887527519881896820e-01	4.277212805966349937e-03	1.578702540649691436e-03	1.712909843609204067e-03	3.979975319489385973e-04	8.817936954195406025e-04	2.945915969233862887e-04	1.520286437353863878e-03	4.292904291622478175e-04
1.712145676515610228e-03	8.778246889168794928e-05	1.941175773773086031e-03	1.506615091709111219e-04	7.771141506659993980e-04	1.334300673572966353e-03	9.932266875605453293e-01	9.806590483659531599e-05	1.821522921575919696e-04	4.899139898702336562e-04
5.999183943986832659e-05	9.972626950725156370e-01	5.093432684135715260e-04	6.539465397725312268e-04	1.084311857299591418e-04	2.804933390806656039e-04	4.664049546705354571e-04	1.673348497727081947e-04	3.011779973804033848e-04	1.901809532237679296e-04
5.496346138642175042e-03	6.045144572059583422e-03	4.981856280841533841e-02	4.780338651599989885e-02	6.185885870071294868e-03	7.696707348023889006e-01	1.279051441657822440e-02	3.371732087337883134e-03	9.298064627270552496e-02	5.837046515801102599e-03
1.708310098390424248e-01	4.231279537815845794e-03	4.174496863744809882e-01	9.168534664719900362e-02	1.409456684753850053e-02	6.190631999658283147e-02	2.222231466792638777e-02	5.121933110604697664e-03	1.969544428467135955e-01	1.550310013209565095e-02
8.348102820287512868e-03	2.061704115226018700e-04	1.355315749753162879e-01	6.121437568611054697e-04	2.207150465111931779e-03	1.172897148909856453e-03	8.445024951849786632e-01	2.925022422017592308e-04	4.693573753598263149e-03	2.433389241212071362e-03
6.477915319271720061e-04	2.091168220752634942e-03	1.027611434408053082e-02	4.870484554983702126e-04	9.530690300639288459e-01	5.242118021718963905e-03	1.329403733279276197e-02	3.597794668075472192e-03	1.341791983988465959e-03	9.953105377236808049e-03
2.276530823229208297e-04	4.670073543925169074e-03	9.697150476474796221e-01	2.307132566355128960e-03	2.384028623079799023e-04	3.886429061326329812e-04	5.046402578425440537e-03	1.170505603557897957e-03	1.571784726580334468e-02	5.182919436899418794e-04
4.027644318957780472e-04	7.131708010903401720e-04	9.728765903966122772e-03	5.286034125152476492e-04	3.308628764451587625e-03	4.215354935386435124e-03	9.790571580777276406e-01	3.581866567329075059e-04	4.681187835806131618e-04	1.219248232653481366e-03
6.966999445047737140e-04	5.643010775754838358e-03	1.095744457880566203e-03	3.390955950006624420e-02	1.419637738633857012e-02	2.602613847845622330e-02	7.746423920868370384e-04	5.474236486870235480e-03	3.726604426008810894e-02	8.749175463179535983e-01
3.426645428344955290e-03	9.986216861767799931e-04	8.069773566889987130e-04	4.071475434801785469e-03	1.555958580547913556e-02	1.755575584884569093e-02	7.588266333858325946e-04	2.461504701206643220e-01	3.559714956364529517e-03	7.071119267292478305e-01
5.290536226562615437e-04	3.361184861177438738e-04	9.694180608948032782e-03	9.048810906033044393e-04	9.054928993618268640e-01	1.338817054100395346e-03	1.596987849152126668e-03	3.875114654162372524e-03	1.703254239128877039e-03	7.452869303330414419e-02
2.471026091001768052e-03	8.834745198558200448e-04	1.537363823989630141e-03	2.804732634569665796e-03	1.396144908989150994e-02	2.052568665131212361e-02	8.257968488971593329e-04	3.330044866681550197e-03	1.046457579919377566e-02	9.431958496746070120e-01
9.536428834760864170e-03	1.036186826645262432e-01	2.631668072785062901e-02	1.097841990466468659e-01	2.157058063691149122e-02	6.788231138295897082e-02	2.029548337268909375e-01	7.561168700048110682e-03	4.390169834644042646e-01	1.175813081500140869e-02
3.120423062173952392e-02	9.607459768361274396e-04	1.778901708906918677e-03	7.260449987367555424e-01	1.883447743488003917e-03	3.915990901926019035e-02	1.504686961372382614e-03	1.379189330794506653e-03	6.429623915447582605e-02	1.317876507463710545e-01
4.874108821738579352e-03	2.888160936069443063e-04	4.905001819174225827e-03	9.797890819315977981e-04	1.154463146116220182e-02	7.732082751009030502e-03	9.663667801812787506e-01	8.133944984014149183e-04	8.901377294533583317e-04	1.605257562243918431e-03
1.459295007728746672e-03	6.793606996729281144e-01	1.913866101856647253e-02	1.223265833605127889e-01	9.390183281942375559e-03	7.428521909946103619e-02	3.406970952652300239e-02	1.125699574219259091e-02	4.434622038466812244e-02	4.366432905476993684e-03
1.555544732108907202e-03	2.121205290882139099e-04	2.343320900285727777e-04	1.148719857078774574e-02	4.765306833746538141e-04	9.796024192360363037e-01	2.021749936735411067e-04	2.264615028091361906e-04	5.223832430773103254e-03	7.793852313197551862e-04
9.445744945933655101e-01	4.382194951631567881e-04	4.924004904615073008e-03	3.615493699626565454e-03	3.101712295143051125e-04	1.992742216518776036e-03	2.473764974167892445e-03	4.387120865525577745e-04	3.922253150433584884e-02	2.009865296140303254e-03
1.449113792463201968e-03	1.935520205063392951e-03	1.287104112685956078e-02	1.686874099872237229e-02	1.805109151152189256e-02	3.373352361841256211e-03	1.745194757026684003e-03	9.932586618702200776e-03	8.690127552956370405e-01	6.476060333216229759e-02
2.750535703817512650e-03	4.857944898954852930e-01	3.246592131577659759e-03	3.162823483303508348e-02	5.435585759231827130e-02	8.317222844165886309e-02	9.298150145446411677e-03	6.160353558540746129e-03	1.929968822068790085e-02	3.042938694774323105e-01
4.476420952787439275e-03	1.062899680420452582e-04	4.317891008886130247e-04	2.462252909238310137e-04	3.052693515934364337e-04	2.599966145950626147e-03	9.908087375081675585e-01	1.252970748159637168e-04	4.384610697624084308e-04	4.615435370679803347e-04
4.445766240263028524e-03	1.342153065189633648e-03	2.694065804082244539e-02	8.301034870637441151e-03	1.935525869536085242e-01	1.933407918301692160e-02	6.903379788373742443e-01	1.306031998485725903e-02	1.316194996909968683e-02	2.952347285513074598e-02
2.936923554689565359e-04	4.954612886412545526e-04	4.720900453758965503e-04	2.507576337619591214e-03	5.941570304127912058e-04	2.704529796229350903e-04	1.709166683682918791e-04	9.917472640514261029e-01	2.136972741977974941e-04	3.234691968866386033e-03
2.315202034611649629e-03	4.275475939898554754e-03	1.203571359598347695e-03	7.795371902227251834e-03	5.143741763543613343e-02	1.766801484472828310e-02	8.970289502565315749e-04	4.901699284314733202e-02	8.690419295015556697e-03	8.567005051950804528e-01
5.372905542697285763e-02	4.372646905473436679e-03	1.672145021814646151e-02	2.087964116211588061e-01	2.496973367218128723e-02	1.028030987256537028e-02	2.053908869215366906e-03	2.656696048631518314e-02	5.566641394538488496e-01	9.584538347412233095e-02
3.442827401152805285e-03	1.429596638816399076e-03	2.181483165282818368e-02	3.962831578672320991e-03	6.826268138830162702e-01	5.951856814087984685e-03	2.640493777967868605e-02	1.549454185285873212e-02	1.122268762895608195e-02	2.276490747699325135e-01
5.032273768884782289e-05	9.921825661611072267e-01	1.224490299207344401e-03	3.129021975102683336e-04	9.135076556498468133e-05	7.363132251645443946e-04	4.925509233186278236e-03	1.227768061526576815e-04	2.299360947882063931e-04	1.238324796298157524e-04
1.445356300239714238e-02	6.455797431680191691e-04	3.279497589398659794e-03	1.046034810784509782e-03	9.008653189402878736e-01	2.239237280972618954e-02	2.074554993517899529e-02	2.217210085415039986e-02	3.234984353729365020e-03	1.116499796117905417e-02
4.312830145611043324e-03	5.802478034563780113e-02	9.965785402645383623e-03	3.637573863690080067e-02	5.400549995710469953e-03	7.348118911474574855e-01	1.003504121847488897e-02	7.021853196973036615e-03	1.133103025124968383e-01	2.074122739809203947e-02
1.075970464008520937e-03	7.529894354497191668e-04	4.259540147944629665e-03	2.247178696377542719e-03	4.349391586193903092e-01	3.758559162030025540e-03	1.215621626744004414e-03	2.400486696381228576e-03	7.643994280293498790e-03	5.417065008713805030e-01
1.432237649521341492e-03	2.712028900202164989e-04	9.512026326357410529e-04	9.875802017932974186e-01	3.637476801148753188e-04	5.187129219786981542e-03	3.945628771668604627e-04	4.009950907163381062e-04	1.087856616408557769e-03	2.330863550331796919e-03
2.048403674551021666e-03	1.767685821225075315e-04	2.635395054145723507e-03	5.244417801569718502e-04	1.295847537594151415e-03	6.315933020717270918e-03	9.854997387291654087e-01	2.223478828223880190e-04	6.228023403248446853e-04	6.583213983996267799e-04
9.924162726440836080e-01	4.548489056851894898e-04	2.751720552461429502e-03	7.305458583759445214e-04	8.624552565825180177e-05	5.960214749686647316e-04	9.769611704041773000e-05	1.665685819752501585e-04	2.018401904412688800e-03	6.816784353382121086e-04
2.765448292617443942e-03	8.185068269426097522e-04	2.407682889151373587e-03	2.922059803014597380e-03	2.085049992523199669e-01	3.974415727114963964e-03	7.660743645348245786e-04	6.646759848957994529e-03	3.340884064941538386e-03	7.678531689304045615e-01
