9.756505314623735714e-01	1.082204293031445376e-04	2.972901170616444166e-04	1.990725884244289381e-02	5.146832068690844085e-04	1.583607062461371909e-03	5.665584079310169744e-04	2.949011464078893667e-04	4.683786239865631376e-04	6.085707011625867682e-04
9.937840101463876197e-01	1.023463966816773459e-04	2.990045559864987689e-04	7.352884017494904032e-04	1.340534463329909104e-04	4.211860244748711311e-03	1.286262288231550699e-04	6.992773089214618636e-05	4.120267958459851573e-04	1.228560525518251597e-04
7.057283371857353549e-02	1.340821452781995127e-03	2.872230842891616495e-02	1.163697303879759025e-02	7.600608434220732512e-01	1.873247651094829200e-02	7.712303340825998887e-02	8.321088092358220820e-03	2.380990622997611328e-03	2.110863130429332934e-02
2.429773678104628961e-03	9.796369290745380980e-04	2.086633773127300525e-03	3.301739560366760088e-03	2.893635447877876583e-03	1.402217788598051750e-03	9.237195857966636016e-04	1.519944581578983609e-03	9.627828418202440952e-01	2.167985683523111079e-02
5.819710296558682633e-03	1.212611839490422647e-03	2.506967896330434924e-03	1.570237193551228191e-02	4.601825289223929021e-03	4.502767081666862042e-02	2.875662080540494162e-03	2.633576306089764965e-03	9.149133302365860532e-01	4.706273302999275376e-03
2.116387774568628463e-02	6.994685016783523624e-04	1.332370630564693164e-03	6.162024011640322707e-03	5.173766726069520695e-04	9.340026317305576420e-01	2.684271410258593383e-03	6.019674988229535562e-04	3.188661260679776649e-02	9.493991913863331815e-04
5.930705368509627852e-04	3.011300503789639520e-04	2.831062445558100039e-03	6.617480293275550133e-04	9.728213882237654042e-01	1.063811004637771731e-03	8.676756018439969916e-04	7.044519068185744765e-04	4.215952195987509991e-04	1.973406698122017605e-02
3.921049124778425783e-04	3.486231484222916004e-04	5.163988813853031407e-03	3.128138172548333620e-03	8.514395192073742017e-04	3.993902494685969400e-04	3.655901353259476062e-04	4.726727463553096094e-03	9.828935358179554660e-01	1.730461767188073031e-03
3.665371184506489789e-04	1.531387737378294594e-04	3.668506287166251479e-04	1.315464492699485290e-03	2.556482812210052798e-03	1.818174588679421491e-03	1.650838617105503049e-04	9.854474652797324818e-01	3.021981977874267861e-04	7.508604246275590519e-03
1.269701182313071790e-03	2.173007695923220330e-03	1.356831899070701100e-03	8.206605520538353682e-01	2.810431929759917014e-03	1.023109349687899017e-01	6.976082901984805192e-03	1.675799454623719481e-03	5.753379398661864069e-02	3.232863927080723270e-03
1.489712404008104122e-03	1.165092969882071524e-03	1.588820613951850416e-03	1.664484099962195568e-02	2.658154476852672178e-03	8.498415637546052892e-01	8.314601739056247214e-04	1.747814886912383257e-03	3.107981172606314943e-02	9.295272799419676546e-02
2.947854171914271199e-04	5.570550618966224696e-04	1.223224753954303906e-03	1.878893545801804980e-03	9.520105593314019954e-01	6.370703655092030881e-04	3.882309014999104084e-04	7.209394965267702619e-03	1.658027476880540984e-03	3.414275818059663015e-02
1.447502123944064247e-03	7.335310655715153883e-04	1.889536210932025572e-03	2.014175621799554113e-03	2.436215345362443274e-01	1.016141067273515454e-03	1.572064961028335874e-03	3.553235461196737558e-03	5.343041809795913248e-03	7.388092371422140259e-01
1.380778796466416297e-03	4.775716925296775127e-03	9.284693579244023276e-01	2.774479697013078686e-02	1.633437406564055812e-03	1.961966982485323016e-03	2.814816679793886913e-03	7.868040274516015578e-03	2.053448604874983513e-02	2.816601991594380999e-03
5.102308777381227159e-04	1.101510491961922144e-04	2.530619656215677294e-03	2.611068247394002445e-04	4.329377909446971537e-04	2.665864536368871187e-03	9.917990252925853456e-01	1.832414188784349518e-04	1.304494851590362690e-03	2.023277017431420052e-04
1.184365270779057537e-03	2.418831150123551099e-04	9.297103307059443114e-03	1.619410981958815205e-03	2.203091060815042575e-03	3.919343505316869882e-04	9.783828252990701690e-01	3.214722585456541255e-04	2.973307650735603110e-03	3.384606705492278385e-03
9.905090543226349187e-01	4.574122761494134803e-05	3.225422179985559909e-04	2.250794167994640198e-04	3.879454517549828685e-04	6.389618714510025485e-03	6.211894737531094876e-05	1.181645455124988498e-04	3.595867359088765437e-04	1.580148419890314761e-03
6.658178095612085796e-03	2.180821869875278554e-02	6.292941689148752633e-03	7.029732309532434886e-01	7.182741988554144225e-03	2.122770676742908869e-01	1.029822328668996909e-02	6.028360680574818692e-03	1.541109658401637258e-02	1.106994034911652248e-02
9.642124386917426682e-01	1.971261803019342133e-04	4.489353541646876186e-04	7.003769498637636573e-04	3.912090487884171551e-04	3.185863682441477523e-02	5.866263551332781762e-04	5.730286469080462857e-04	5.392883118893905797e-04	4.923336367929870110e-04
8.682520986245428896e-01	1.227700868057754555e-03	3.310439182182601560e-03	3.200968397030276580e-02	1.472265570759420574e-03	8.065428014767569986e-02	3.294827612623037541e-03	1.740505816978824699e-03	3.440268025406694342e-03	4.597930181470208724e-03
4.678565607306959802e-04	1.055799331753850553e-04	9.940511661217069639e-01	1.040395200286262567e-03	1.490947913259639090e-04	1.219404079475758815e-04	3.360705299915330273e-03	1.125217646343553329e-04	3.677071532067172186e-04	2.230327670705112373e-04
1.843837357549026274e-03	1.729778058115698843e-03	1.843789344457480439e-02	5.257176715919596038e-02	2.018842045849025130e-02	7.026993644631381736e-03	2.106711324032717152e-03	8.390599599454803270e-01	6.608911201382683398e-03	5.042572740654709812e-02
3.431874300858557699e-04	9.185758302454823943e-01	4.784232622747009583e-02	7.102005568274069071e-03	4.300862589872337521e-03	1.378335899649992587e-03	2.290738623964536352e-03	1.149857152060816852e-02	5.890689709138873659e-03	7.774521854536505742e-04
1.323089845424173976e-03	4.467570230120610528e-04	2.308461370591461097e-03	8.785262632322387655e-04	6.215516396237584984e-04	9.192758752309841469e-04	3.183567894753173131e-04	9.815499330015192703e-01	6.073348862282362598e-04	1.102671330566246805e-02
9.644365481224010939e-01	2.491979586562740397e-04	3.638969024762801221e-04	1.263039727945107927e-03	2.250773023186451477e-04	2.353422372378884825e-02	4.140327818932213345e-04	1.883152043561215586e-04	8.439705026646782474e-03	8.859632495178376265e-04
4.281611605375561236e-02	7.414302934302892216e-03	4.813897695010741634e-02	3.014048132281880732e-01	1.552700444853573163e-02	1.113255837817442723e-01	5.877521086129465500e-02	6.163318568711470373e-03	3.186385580590494482e-01	8.979611511431062620e-02
2.582084745023567910e-04	9.938289779728933793e-01	9.217248984007607535e-04	8.510845710776019811e-04	2.580111794306771240e-04	7.952089220713302528e-04	1.439501910748110106e-03	4.695017772720808894e-04	6.759034794570395509e-04	5.018768141465905887e-04
3.865217097714897590e-04	9.946477292783045820e-01	2.624807382304619437e-04	1.137389943416582420e-03	2.028500132697744099e-04	8.997123306203801347e-04	7.849029908611952593e-04	5.444030855919317069e-04	5.276946188483759657e-04	6.063152910850786326e-04
3.691109560321927455e-03	5.396325938810738344e-04	4.094658856049977584e-03	9.804302796557099464e-01	8.744834797871931659e-04	4.298902113167072346e-03	5.539446014932603718e-04	7.163985401092925033e-04	3.819834628692630324e-03	9.807559707874881957e-04
2.103461642225710592e-03	4.375630460795061107e-03	1.389111492043611576e-02	3.497579477424524186e-02	4.289955617806552324e-01	1.554319972819399875e-02	7.279722006105007748e-03	4.366630955236134454e-02	2.852653996469685718e-02	4.206426651702855901e-01
2.075678712831608265e-04	2.024141693713154113e-04	9.812973202243558957e-01	7.967297314124090809e-04	2.519167883389668381e-04	2.985727205054084150e-04	4.184374754958275727e-04	2.544937658389932462e-04	1.606087838869091691e-02	2.116688647070339021e-04
2.639469091261153013e-04	4.920394399993729788e-04	2.162071875877294197e-04	4.860511155702653113e-04	9.899592869735858169e-01	3.065071476977399684e-04	1.544816634546410388e-04	7.569597341820232016e-04	4.910017187277336027e-04	6.873518110068625557e-03
1.089865501275395082e-02	7.075620016021070234e-04	1.583402178219863376e-03	3.579146073187154317e-03	1.017010543638461120e-03	9.686713254985843680e-01	6.087447147499392862e-04	1.275414574931939401e-03	7.721676825770501691e-03	3.937062576561707952e-03
1.000752442796871587e-03	1.165449345339002012e-03	1.207009803637251353e-03	1.511958107616858228e-03	9.671144338733232981e-01	1.083296090347410628e-03	8.753488100418188545e-04	4.937850023325681369e-03	2.457821119283487826e-03	1.864608038428852005e-02
3.478464870175700281e-03	3.092096440698857956e-03	3.022392909572378661e-02	5.637972182163399591e-03	4.461147689109311587e-01	1.286711536587639704e-02	1.082600874955473025e-01	2.248042484646969527e-02	3.989569992574944907e-02	3.279494408666642213e-01
8.280560164501052226e-05	9.968505902318649525e-01	3.257671813065147505e-04	2.930299834035936810e-04	1.427261023059683592e-04	7.401308346803933550e-04	5.357006104290413639e-04	6.288979516853918485e-04	2.748115712273053340e-04	1.255399314518235274e-04
9.969800472267024150e-01	8.586203428823618964e-05	2.446377309172742651e-04	5.424970550983036798e-05	9.243663056737119342e-05	2.860091527552609605e-04	8.462093184307149579e-04	9.430448059761520894e-05	1.269333730226150474e-03	4.690999000481560840e-05
1.380778796466416297e-03	4.775716925296775127e-03	9.284693579244023276e-01	2.774479697013078686e-02	1.633437406564055812e-03	1.961966982485323016e-03	2.814816679793886913e-03	7.868040274516015578e-03	2.053448604874983513e-02	2.816601991594380999e-03
4.334773234903310443e-03	6.688800412594196609e-03	4.959790957457465253e-03	8.086202440014150783e-01	2.249609935385045532e-03	1.519168022848029209e-01	5.866754608174971387e-03	4.886006325623197706e-03	7.309774575617016511e-03	3.167443664026954771e-03
3.320380195025474665e-04	9.915834530007477943e-01	4.767643521057813444e-04	5.867529460099792918e-04	3.203014344133400392e-04	3.846508279223937159e-03	1.308413325441969187e-03	4.686948566510511704e-04	6.285806929408805678e-04	4.484930929629915835e-04
3.868512101114827961e-02	6.473536991787741564e-04	6.389817734068244451e-03	1.741751767998144396e-03	2.267088206167030065e-03	1.611588997470630785e-03	9.230151819940382325e-04	6.998383039998299108e-04	9.394397873549829026e-01	7.594637742992152614e-03
1.052516656438085146e-01	3.907882253440073290e-03	1.103775827382233628e-02	5.939490948232220568e-02	5.056389509965184340e-03	2.059282983731797467e-01	5.867205820460731358e-01	2.276226376288603692e-03	1.740001816744963375e-02	3.026269873650631274e-03
9.481442751403130753e-01	5.318402261511302699e-04	1.409963524296316620e-03	4.316120408410836079e-03	2.638726085996719387e-03	2.890457062610093247e-02	1.800968305332722877e-03	8.139522317519543807e-04	7.605563255466222909e-03	3.834020196179803355e-03
8.112314580715541436e-04	2.370008951149149567e-04	4.049824858084859723e-03	9.877754897169910286e-01	1.014121491832292330e-03	1.808804443448849483e-03	3.305277350611854239e-04	2.751925321360655218e-04	3.348313735247299573e-03	3.494931340119253999e-04
9.969800472267024150e-01	8.586203428823618964e-05	2.446377309172742651e-04	5.424970550983036798e-05	9.243663056737119342e-05	2.860091527552609605e-04	8.462093184307149579e-04	9.430448059761520894e-05	1.269333730226150474e-03	4.690999000481560840e-05
1.712570629092426003e-03	4.622589353810950021e-03	2.746124737945272384e-02	9.193910362986379425e-01	1.310441079893404038e-03	3.069463376107762001e-02	2.031266227842653052e-03	4.438283137598079096e-03	2.500796511428688904e-03	5.837135621165722398e-03
3.087062647725457437e-02	4.147932274620993922e-04	2.344283756705132019e-02	6.460082674014551440e-04	1.086016267207745708e-03	6.252682205986877587e-04	9.373057988524758910e-01	2.505638629902745985e-04	5.818024627826859493e-04	4.776284794775323243e-03
4.177713284270233654e-03	6.744696051236009036e-03	6.688026694976084707e-01	1.191238057466356831e-01	2.940041906411247283e-03	3.640204519570459322e-03	1.959182834226401784e-03	1.455389277648041005e-02	1.739925883603443413e-01	4.065205023216888168e-03
9.641553780108856825e-04	3.680963541958766154e-04	1.241061136992394932e-02	1.908671050175835297e-03	1.183504797895793340e-02	6.498787029344254033e-04	9.570950210247973766e-01	1.992821162164060914e-03	9.115686123382628564e-04	1.186412836650146095e-02
5.143964745382042765e-04	4.385623530341254046e-04	5.143428011186935078e-04	1.809840201699671998e-03	9.359861808507199399e-01	3.076437352767485370e-03	4.989467094724434710e-04	3.045685892291370798e-03	2.780457389315854361e-03	5.133514997504240451e-02
1.740296904771771076e-03	1.588319177207324481e-03	2.269156929497241799e-03	4.000318134164052367e-03	1.241277280386999249e-01	5.560972695635349634e-03	1.278660015944616110e-03	1.482541932835109572e-02	1.888704684781942686e-02	8.257220819279093016e-01
2.612432862139574610e-03	5.152282498706874624e-04	9.577773792879927875e-03	2.637898790140967911e-03	5.234097591663805504e-02	1.362280731307112178e-02	8.987329450750255466e-01	8.898535529866559435e-04	1.207972976765759980e-02	6.990354679589998697e-03
1.602649693153724024e-04	1.110017738131694961e-04	4.712903568097204102e-04	2.386451825460223278e-04	2.830004600771576805e-04	4.099592855893982634e-04	7.346403675604434803e-05	9.931621466930196096e-01	9.017203868050389871e-05	5.000055203393118097e-03
3.434594799118512263e-03	3.732697625913754952e-03	1.032584479704855840e-01	4.186378167847110143e-02	2.225139997312797213e-02	4.401348647609237309e-03	4.360527299761537967e-03	8.706400628298690408e-03	7.897550593232565141e-01	1.823574205395712619e-02
7.972842379620317986e-04	7.232547733393326732e-04	9.458897007192986761e-01	2.740347693471994420e-03	8.463881164830987756e-04	1.530558976341712778e-03	3.459363528945957195e-02	6.697134904446370648e-03	5.150673566880922122e-03	1.031021722316095412e-03
4.119262535989937600e-04	9.010280232859366623e-04	1.534239515089779382e-03	3.577760198338892500e-02	9.217470449446515121e-04	1.645200107051816288e-03	4.461525276812041861e-04	9.204713870079341831e-01	2.964711979879301046e-03	3.492600555714514554e-02
5.679317763365936784e-04	3.209959482938899451e-04	2.148628742971494740e-03	1.888006645438183384e-03	4.491279066576592260e-04	1.500205417484887921e-03	1.141877841122695492e-03	8.355256883092677033e-04	9.899470436641755189e-01	1.200656369210009169e-03
6.815225384746624810e-05	9.965189402885552550e-01	5.535592092324006282e-04	7.607828145639872197e-04	1.138099268469135026e-04	6.413864620016648723e-04	2.151740293749577039e-04	6.071181011640472153e-04	2.589265424939512714e-04	2.621503719192529386e-04
1.810284363023547316e-03	1.758538296796346209e-03	7.946601771248375246e-03	1.650194382652789282e-01	1.575321916615657260e-03	3.038138735919681740e-02	1.512371806869212921e-03	6.665978029486764947e-03	7.741667256471854719e-01	9.163352544298749777e-03
2.350366646084561719e-03	2.743030642872341766e-03	3.561411947182385913e-03	2.418833582508190388e-02	2.733987789733479876e-02	4.968625490388391130e-02	2.371612175664047917e-03	2.316665048539539445e-02	2.082048538469169832e-02	8.437719740918090405e-01
1.421082516253433393e-04	1.059015489197017270e-04	1.920832396525364114e-03	5.802454851874290368e-04	1.845313707269510221e-04	9.261535004076260427e-05	6.833612787048169073e-05	9.963026276494169053e-01	8.905616596398841108e-05	5.137456537231283862e-04
7.226255009328812087e-05	2.547161926296260550e-04	3.151255167967845412e-04	2.290617981174349830e-04	2.338855108099967327e-04	1.921122845508494424e-04	5.558147024618977474e-05	9.965000369315005768e-01	1.209053056697151205e-04	2.026312439585303653e-03
5.976600062602703718e-04	7.142469132228543034e-04	2.080870292275933779e-03	9.595886571163725343e-01	7.315605188145487452e-04	1.661964044154085919e-03	3.662473303831437405e-04	5.506338895971176753e-04	2.983771331534188984e-02	3.870446573577841949e-03
1.342169319897533464e-01	4.328981840821687424e-03	3.003972013281762665e-01	2.014747147707506292e-01	7.106456785752108055e-03	3.484997686398663003e-02	4.934486644119411534e-03	1.825693199381687309e-02	1.213498604886835593e-02	2.822993317339546060e-01
2.916661944136159958e-03	1.470436163123721093e-02	1.733398687694583714e-03	7.021969071502232040e-01	5.233301943084019830e-03	9.890028669389740179e-02	4.264126407180307728e-03	7.512703328438190623e-03	1.440096048096971837e-01	1.852864740441184654e-02
8.257991416575955271e-03	1.386102067402980587e-01	1.119071902541749625e-02	6.677217304200917525e-01	9.535951858956772872e-03	6.089844145563719224e-02	7.171394539645951395e-03	1.837915596563190201e-02	6.658292260750468816e-02	1.165148597024031132e-02
2.110318398586471470e-03	2.817949527802527960e-03	6.985800089494064412e-03	4.189615966985557431e-03	1.956475126498985195e-01	3.135770978976013500e-03	4.039132676618698535e-03	1.827298123215901487e-02	8.652725328149417361e-03	7.541481931513297488e-01
9.525982733626469079e-01	9.097794298678090917e-04	2.617261816766078882e-03	2.338474045049136838e-03	7.004896451660932869e-04	2.784790347836371693e-02	1.087871904290505648e-02	4.832661165211511712e-04	1.223479104058498119e-03	4.023539586556154905e-04
1.123781630502677757e-03	1.725143027138022081e-04	5.110127912601785055e-04	9.932602291882988155e-01	3.045536857482149902e-04	2.407425176612616822e-03	2.084195615812221153e-04	1.744510656177048467e-04	1.318405554651735706e-03	5.192070430130926988e-04
1.290393262220176430e-04	9.969349981273551986e-01	4.236937768456023831e-04	4.396525471055259880e-04	1.700458450636322598e-04	2.621681911550505705e-04	8.129451696891492642e-04	3.282181497944460197e-04	2.665877591537938514e-04	2.326511076155416465e-04
1.393115497727081013e-03	2.761996464790254530e-04	2.310201534846040078e-04	1.312724165257868727e-03	3.575133076404583593e-04	9.868355921448890289e-01	4.028940050086645720e-03	1.890261377252140890e-04	4.746399300030817135e-03	6.294695966791122744e-04
5.212428838647921144e-04	8.026443363393460581e-04	6.673293313589727382e-04	9.818334127334930050e-01	3.820535458713970574e-04	8.221552053965510906e-03	3.137359485813169470e-04	1.193841746462697816e-03	3.627883392518174363e-03	2.436304027544928825e-03
1.826068986121990624e-03	6.899737877077465331e-01	5.122393326117362367e-02	1.225540202140606300e-02	1.510523715777701420e-02	3.592376751400716377e-03	8.942939013821846889e-03	2.070367391912998900e-01	6.248040828532476845e-03	3.795475080719549078e-03
4.116973877543281431e-03	2.211285292100888516e-03	8.905925479089110697e-01	4.567010529219640153e-03	3.445146657678049666e-03	7.536789346898721889e-03	7.252516239746947813e-02	8.401615846933939294e-04	1.144491250011628151e-02	2.720009905369196509e-03
6.470504122875853992e-04	1.086193566785479417e-04	9.955830538283721998e-01	1.705607130736347193e-04	1.648751614981641082e-04	1.337758053252669887e-04	1.150130836884188977e-03	6.511834516734905768e-05	1.858820095217183490e-03	1.179954454959394254e-04
1.663919983558047105e-03	3.309010920101742009e-04	1.056565645532136838e-03	2.096083763503303870e-03	9.175522785097455121e-04	4.760859721054318781e-03	9.800322828779899353e-01	1.866607077089780956e-04	5.061427075793782995e-03	3.893746854339831965e-03
7.220768196725803421e-04	2.682373752795493525e-04	9.853537812496812043e-01	1.056621690847159420e-03	4.829691875887231339e-03	5.720389079160870119e-04	2.892555485840065006e-03	5.534550772043450280e-04	8.984379468439685499e-04	2.853103570827693770e-03
9.752766695380790107e-01	4.371229733105248079e-04	5.535961441557044668e-04	3.064591118607901468e-03	4.883665470259998618e-04	1.199279800478133227e-02	1.117156596691440190e-03	6.562265909569275869e-04	5.151274499965036342e-03	1.262197986426043120e-03
2.246430585464659173e-03	1.416626091595767035e-03	6.053218675586837308e-03	1.320501068939451163e-02	8.051154708377565583e-02	6.333452600444453573e-01	2.041666563284065799e-03	5.926449807029479135e-03	3.824981082112720310e-02	2.170039796382965125e-01
1.025927624935467873e-02	3.742377455920269103e-02	6.051858955043273869e-03	6.534389668569860754e-02	1.249549477095124456e-01	1.408031823251438275e-01	2.037825300952586516e-02	1.225080624863381373e-01	2.092557835409386557e-02	4.513511696660865158e-01
4.201470265754126071e-04	8.288919078669171716e-04	2.917798115041048829e-03	4.364669142111633066e-03	6.815656894526821987e-04	1.576592634700225678e-03	1.000958023172012845e-03	9.047361801190954801e-04	9.855890718754484192e-01	1.715569405512618831e-03
5.481493553432644156e-04	3.721283271250416802e-04	4.235678379385934768e-04	1.236786146091908888e-03	2.596822226573916245e-02	1.451019792639421770e-03	3.074101791642400703e-04	7.047306969490743471e-03	2.578959412248141032e-03	9.600664497142193943e-01
9.936235286011387835e-01	5.300925433316652693e-05	6.991527039321385217e-05	6.329027790809167969e-05	7.865306417224582596e-05	5.432047860083921362e-03	1.643304500336790173e-04	6.718883473562908273e-05	3.748739223233803360e-04	7.316246487795466879e-05
9.051748823000519382e-04	1.661942781946115083e-03	3.534584633416065595e-03	5.335067753839294784e-04	9.516948162428127134e-01	3.436473305855960135e-03	1.853467058529652614e-02	1.993123763037151983e-03	1.206282112718717750e-03	1.649942491723298266e-02
4.583232931927292190e-04	2.575563952347573421e-04	2.673346851979863884e-03	2.211092723708169678e-04	2.942124133844467582e-03	1.673529025021636878e-03	9.897791562317150849e-01	3.233035463010423718e-04	6.577529399817993744e-04	1.013798310357882622e-03
7.711681646854512840e-04	9.997680058217758414e-04	3.198020252706527261e-02	2.080563471774192746e-03	1.720350450762420493e-03	3.710347669872891764e-04	9.560224191998256682e-01	1.991532249498430447e-03	1.013418833598228076e-03	3.049542329981370491e-03
1.294773182023808067e-03	1.862773517596370138e-03	1.564361769307334726e-02	2.230766068940412752e-03	4.542277062068333059e-03	9.469914973587406637e-01	1.506938309374273796e-02	3.399962139789694440e-03	4.606239908981581664e-03	4.358709975043083273e-03
5.801669671181567322e-04	5.139778298799428571e-04	1.255093164607252836e-03	9.566240642261095717e-01	6.510249966490443737e-04	5.225748653185806336e-03	5.986060791651467766e-04	8.242433631514472841e-04	3.161651599629205361e-02	2.110558723841671723e-03
1.193720987818121422e-02	3.860051919815734082e-04	3.513157272080159660e-04	1.891334732604885160e-02	1.477511811250331814e-03	9.110391690438652823e-01	5.326906014802300403e-04	7.424634159948702338e-04	2.457330971458242946e-02	3.004697728940737556e-02
5.058670747657001009e-05	9.979156769672760108e-01	2.215867083837191041e-04	2.006416805723475476e-04	7.647904932227422175e-05	3.201543482275325957e-04	1.046688681353646021e-04	7.134822510730091548e-04	2.931987682897603639e-04	1.035246512433613827e-04
5.325750351964922213e-05	1.404660381084884039e-04	5.312623497016774566e-04	2.857715871303879670e-04	1.755346819474223365e-04	1.314411720489955650e-04	5.896448326235052660e-05	9.976874780284752386e-01	1.371310632903867920e-04	7.986930925154021909e-04
1.472806985358425828e-03	9.050352086894353047e-04	2.682224975356109226e-03	3.208902797027612334e-03	7.349992677990588863e-01	3.624272560747049919e-03	1.048648222816553734e-03	1.162299196416632062e-02	8.615949711106695580e-03	2.318198997756728830e-01
4.413750107720691013e-03	4.531624640631274313e-03	2.422295474255163443e-03	1.035259068442527103e-01	1.674604700113633063e-02	5.603231474805269174e-01	2.244538304375459647e-03	3.148748370275004059e-03	2.418056207141482949e-01	6.083832106267803713e-02
1.278842869713615535e-02	2.993184832634070711e-04	4.239280059860401793e-04	1.083297782875401044e-02	7.135914359964123325e-04	9.405362791227321884e-01	3.207676786607097834e-04	5.943676565367092719e-04	3.237993179877442923e-02	1.110409292160010296e-03
1.048693042121616155e-03	8.561435542815425039e-04	1.565150921461514258e-03	1.827067683373037989e-03	5.284448564963047448e-03	9.753682617732379878e-01	5.668796510307999234e-03	1.975260250244647436e-03	4.370324688371503112e-03	2.035853011637171056e-03
1.625282598327260541e-04	1.609493654703095808e-03	6.560500109963722515e-03	1.173607274249728605e-02	2.481699380508300620e-03	2.056694838807032321e-04	1.996309120081276938e-04	9.575033558308115866e-01	1.177535773621281139e-03	1.836351385217321885e-02
9.255979038747111972e-04	1.302463705974816978e-04	1.031483746106574015e-03	6.239244990877117897e-04	1.745936341526301613e-03	1.090374648350037360e-03	9.919115259996402756e-01	1.762084752040460800e-04	8.505924343039046381e-04	1.514109581308900132e-03
1.213921326568912423e-04	9.966010405638097147e-01	8.414959827795699026e-04	3.605164862234218922e-04	2.071984779239321366e-04	2.469894110534749795e-04	7.406089497326424865e-04	5.275251090006020981e-04	1.765356216116942365e-04	1.766972652081143322e-04
3.783165737221918395e-04	7.035444205393884265e-04	1.386858921198774958e-03	1.731167278646101671e-03	1.459268127310930788e-03	2.182657546604571674e-02	9.657261345361104476e-01	2.315426208469685077e-04	6.036387066530890869e-03	5.202049890486331631e-04
1.734299982384694553e-03	9.109403672313426403e-01	3.600820156185085500e-03	1.295055536286527373e-03	8.381814993127403683e-04	3.579015567856041764e-03	7.183604083434089183e-02	1.545873583082686860e-03	1.773349954440451171e-03	2.856995654768179540e-03
1.141400974747230901e-02	6.764038599300476427e-04	9.582908909566217881e-01	2.584544928866561175e-03	9.895182396235247934e-04	1.661172829673137740e-03	9.238870405948125530e-03	1.085045496926444197e-03	9.227369452817681811e-03	4.832174082120540247e-03
3.357482804723103866e-03	1.631941785771441871e-03	8.837949289625387506e-01	3.452449271064588539e-03	1.316251610930154609e-03	1.493199500646608330e-03	2.965389241403519963e-02	3.728642857357019474e-03	7.017546453581530175e-02	1.395746257117826171e-03
1.907548267215645620e-04	1.966805987641242950e-04	4.098819940397927138e-04	1.567443999398012875e-03	3.216288553925421897e-03	2.648283243486785829e-03	1.907610689299452057e-04	9.841397323675828979e-01	3.720961732690947470e-04	7.068077173882454309e-03
2.240567580020281103e-03	2.991066842128609158e-03	4.979653480525586019e-03	9.687991726594805120e-03	1.148551945381662970e-02	4.605044880158981266e-03	1.465868749522327829e-03	1.910766027811051579e-02	9.121429802135054832e-01	3.129364679561687235e-02
2.388591388581471926e-03	3.613580498405812632e-03	3.121769247918927334e-02	4.218888226364138350e-02	1.742634988978071378e-03	6.677291646275143773e-03	1.429504906867046362e-03	1.688940087236778104e-02	8.840933154684950113e-01	9.759105487198996981e-03
2.013027955183720446e-03	5.631545059692016041e-04	1.978436111958337650e-03	1.160457346425812454e-03	9.455925267160254499e-01	6.095600130858589219e-03	4.741739312527226561e-04	4.727345694215763852e-03	2.433470726047488701e-03	3.496180688206287912e-02
1.461934018392462920e-03	8.554758052311436630e-04	1.949155429353529234e-03	2.056508798923936850e-03	9.806417552420834682e-02	2.267851261284583794e-03	7.669042783681494961e-04	3.435834782826855446e-03	8.291700571286851965e-03	8.808504595301240858e-01
1.472822842273925669e-03	1.983327985313202129e-03	3.445994405345841061e-03	1.212118100883301372e-03	8.447903695647254185e-01	6.199461426388170292e-03	3.362202004628299379e-02	2.178749116691844345e-03	7.340637027339581670e-03	9.775449948475584128e-02
1.602649693153724024e-04	1.110017738131694961e-04	4.712903568097204102e-04	2.386451825460223278e-04	2.830004600771576805e-04	4.099592855893982634e-04	7.346403675604434803e-05	9.931621466930196096e-01	9.017203868050389871e-05	5.000055203393118097e-03
5.781617707229978970e-04	2.706731856420049442e-03	6.832316543986894329e-03	1.386811303026667420e-02	8.610705332876465723e-03	7.455611218660366298e-04	7.637142662586233035e-04	6.303554239499968848e-01	2.659417586034955039e-01	6.959751352410982472e-02
1.809307187280436184e-03	9.426992956909193699e-01	6.733224510466071649e-03	4.463219960743502156e-03	1.538553212376563830e-03	3.365865978409208256e-03	3.237419579631642223e-03	1.603762094180360628e-02	1.811179793186719691e-02	2.003695006502154499e-03
2.933197737940238664e-03	6.544865526732866930e-03	9.488180795774202592e-01	1.162923841679370379e-02	2.164958027494015558e-03	2.821624155912833866e-03	3.563779588372493080e-03	3.234702832591690360e-03	1.647310234308315552e-02	1.816451793658590847e-03
2.194184428510412982e-03	4.539394780438775652e-03	2.491542198115793538e-03	1.065771590416380032e-01	2.039219896442698854e-01	4.619079222801117379e-02	2.771418879185895412e-03	5.652568613016796528e-02	8.948438138801868835e-03	5.658393945308602957e-01
4.492450405623843153e-04	4.024309977511852823e-04	1.155849157545965232e-03	3.474448158062086733e-01	5.342006913687712350e-04	1.116178888610635817e-03	3.076774348633923815e-04	2.992714120476263999e-03	6.441325653291982700e-01	1.464322533414571951e-03
1.367104335715648485e-03	1.429543473173245727e-03	2.252572691946875226e-03	5.074029943855386075e-03	1.259642757516967609e-03	3.990264787917501693e-02	5.995733635883408914e-03	1.349687935885842587e-03	9.387988209912671023e-01	2.570216355580629778e-03
1.987671785196128051e-04	2.404813455074042254e-04	1.269276658618581936e-03	2.000060699219082926e-03	9.786084099832669247e-01	4.793585169022009334e-04	3.012648647408815291e-04	6.472854504885939587e-04	1.368898699419939186e-03	1.488619660331692851e-02
1.210463753467048032e-03	9.478586032134120876e-01	2.615880785173407309e-03	4.069521668529069332e-03	1.729407075726940857e-03	2.589616304906424554e-02	4.203966187193766517e-03	5.762607566999424294e-03	3.717663858898416322e-03	2.935722841535655814e-03
1.951132044396396495e-02	1.958767638581415324e-03	4.310631744948186655e-02	1.069523535793472264e-02	1.299271974250099798e-02	6.396282936249419668e-03	8.598155480687869057e-01	2.957262619535028312e-03	1.897234075284360763e-02	2.359420499012227293e-02
5.701282753575007307e-04	9.688767975086148843e-01	3.089206134659593095e-03	6.814390068802824579e-03	9.546630344769783645e-04	8.331280649555310516e-03	4.087451260588689274e-03	1.545509417200682020e-03	4.514701389246990847e-03	1.215872261496724884e-03
2.565789547534746127e-04	9.915274843430126328e-01	8.122526754446537283e-04	1.468850337458809220e-03	6.532300598411294257e-04	8.773831514073276733e-04	3.261481303740136769e-04	1.031206620174407061e-03	2.171310382619839538e-03	8.755553449136210765e-04
9.178096686504762496e-05	1.233769166995582305e-03	9.925804240539640722e-01	8.958296631764931092e-04	8.564221507538285496e-05	4.087136400236058924e-04	3.414757258904705436e-03	1.268692647918590608e-04	1.054104281853207158e-03	1.081094883497930225e-04
1.268643417742037430e-03	9.687002340587013149e-01	3.399149604166831762e-03	2.469216945301802753e-03	9.720014259824947276e-04	1.763601483186269048e-03	6.084752584133242340e-03	9.106411610507266288e-03	4.201529646762157573e-03	2.034459223516791627e-03
4.309869773766639736e-05	9.978753618767156608e-01	4.329074871486687424e-04	2.261936743795530085e-04	4.539756643429725775e-04	1.923042093876226044e-04	2.617596491750545044e-04	1.549477477304994036e-04	2.404444672802518227e-04	1.190065261021485050e-04
4.450837215105464713e-03	1.634542571760353477e-04	3.771569138958491530e-04	4.229861087197866782e-04	4.672186869297489616e-04	2.001103248269945570e-03	9.912073769911614596e-01	9.322506850482764065e-05	4.138550607546309006e-04	4.027864494821962300e-04
5.564028508390545967e-04	6.263321963694700074e-04	1.817415619406868204e-03	1.131713267785704365e-02	6.491074142115039677e-04	7.176978781056367329e-02	1.319126552487839658e-03	4.313228919432004387e-04	9.107856710696534686e-01	7.277009166678641890e-04
8.673505768779219457e-05	9.967135386047329959e-01	6.353039111888361202e-04	4.502261981385743093e-04	3.262838449575772878e-04	1.964682164672362698e-04	5.914249632621298991e-04	2.401686889664532193e-04	5.301857171403458798e-04	2.296647974582512370e-04
1.867875091230601159e-03	1.930882970302467581e-04	1.715327290904944228e-03	2.380978815161365015e-04	9.332470388979198289e-04	8.540259985045969403e-04	9.932605256367351698e-01	2.317106442046149885e-04	3.575132260815977285e-04	3.485888948941743247e-04
9.960029562115855616e-05	9.970319290945980351e-01	5.764385192603852046e-04	5.153632915284558002e-04	1.286124704523917864e-04	3.262186322803441022e-04	5.239630450564157493e-04	2.161307913059684290e-04	2.799957142175621590e-04	3.017481456795163136e-04
1.039810506980104986e-02	9.793663343707058669e-03	1.363514597032865032e-02	9.706643426024140486e-02	1.495414269778837929e-02	7.586285179374332444e-01	1.775178407349685406e-02	7.658176441858942710e-03	6.125318350756616542e-02	8.860846697778227907e-03
3.571769395854664658e-02	4.260601203277186028e-03	7.626833976249565161e-01	2.984707339160216563e-02	8.279303578427200244e-03	2.482427405462983225e-02	9.602921903972796297e-03	3.450146475774412344e-03	1.087719434247343270e-01	1.256264438407886722e-02
2.062831044798512335e-03	1.544402397273231351e-04	6.806865173130011160e-02	4.522937273799219069e-04	9.436183225670444902e-04	6.301311126121402362e-04	9.193288662285576951e-01	2.093320965977032598e-04	6.865078858750726064e-03	1.284756637708690721e-03
9.051748823000519382e-04	1.661942781946115083e-03	3.534584633416065595e-03	5.335067753839294784e-04	9.516948162428127134e-01	3.436473305855960135e-03	1.853467058529652614e-02	1.993123763037151983e-03	1.206282112718717750e-03	1.649942491723298266e-02
9.641848375812144922e-05	2.081628122320116194e-04	9.948279468903118428e-01	7.415064169408228621e-04	1.043922885490882548e-04	8.883731774965170774e-05	5.559487230979945783e-04	4.288736138748720761e-04	2.839822672530125432e-03	1.080907809557340988e-04
3.671846268685493653e-04	5.902912881703904942e-04	5.351490780326860833e-03	5.215487192528877594e-04	4.377442178932610534e-03	1.363811911405689347e-03	9.845817595400370159e-01	1.741301436112526520e-04	1.097984956188530897e-03	1.574355855206207222e-03
7.699636604534491197e-04	1.348475498064655078e-03	1.048962633808618724e-03	2.857472876316188501e-02	3.296667672603372651e-02	1.391133319760350616e-02	6.193448274678266512e-04	5.503811777486072865e-03	1.306911750535238483e-02	9.021875854105678716e-01
2.539146886730081227e-03	2.697166980876414787e-03	1.934780535592752967e-03	1.940449181878090359e-02	4.231747180993909035e-02	3.465375038035999056e-02	1.514285803182575767e-03	3.696793272531468388e-01	5.167989525141814151e-03	5.200915890062496327e-01
5.410960418595602223e-04	5.650036748850114938e-04	2.115556341200129555e-03	8.148536519824070134e-04	9.092444874478863293e-01	6.067185102610999888e-04	1.313058755586096488e-03	2.355865033523473883e-03	1.633609146449687723e-03	8.080975139636606408e-02
3.089498023729859207e-03	1.267528748506809673e-03	1.881132733247855432e-03	1.090419048610821035e-02	1.804858256265138086e-02	2.523726951159241394e-02	9.072019087142726155e-04	3.310055604916285581e-03	1.001431247855528832e-02	9.253402279419776777e-01
1.252192920195228237e-02	2.089616790090634627e-02	1.089530834716851554e-02	9.658834190211840198e-02	1.739839351941572035e-02	7.772498106097029680e-02	3.218228233117779724e-01	1.018570267411367421e-02	4.190156737104758777e-01	1.295067837110079265e-02
9.623023512606066615e-03	8.528284675539886091e-04	1.239411870061706217e-03	8.424773665674943901e-01	2.254843027616269379e-03	4.871709584189565928e-02	1.090830593071675418e-03	1.192163248066930486e-03	1.980304793472261252e-02	7.274938893691089425e-02
7.140563923908806176e-03	5.206882124797408869e-04	5.939863351920488498e-03	2.243813801062546909e-03	2.776044743168148629e-02	9.500292449189368452e-03	9.427839972140397151e-01	9.850187726891368976e-04	9.915305917391871796e-04	2.133784251289542674e-03
3.548862117108449524e-03	4.049469675624192133e-01	3.067916120886617082e-02	1.669381914552338642e-01	2.267754037059277472e-02	2.632152507004803521e-01	5.583630537250477283e-02	2.178677725669885684e-02	2.451642006363399101e-02	5.854523892461330030e-03
1.477146311426981136e-03	3.085788816167505766e-04	3.871881548394486700e-04	1.178992020606159548e-02	5.555367697277792654e-04	9.772537754213251882e-01	2.783200720803049731e-04	2.997157481892497987e-04	5.026610905289358167e-03	2.623207529443236010e-03
9.711863460238890911e-01	3.056463931415633788e-04	5.615267710605982218e-03	1.945640903942412242e-03	2.942831622121610223e-04	1.326189282595216946e-03	1.297345467488273665e-03	5.544206501846142858e-04	1.615363761276948987e-02	1.321222793171148054e-03
8.221692831084710011e-04	1.667569426365663517e-03	3.452014403704980246e-03	5.884539338279349240e-03	1.036318296677390255e-02	1.343303165020199664e-03	6.665503024372470327e-04	8.651547082124693214e-03	9.325212124071042830e-01	3.462791162508124798e-02
4.066591055719354954e-03	5.230240651284259190e-01	3.215822558116736979e-03	6.803676059213430161e-02	6.992647334224005862e-02	9.614437594867689119e-02	9.186001083986627611e-03	1.410738805600768482e-02	1.833557739576213014e-02	1.939569448389303064e-01
4.450837215105464713e-03	1.634542571760353477e-04	3.771569138958491530e-04	4.229861087197866782e-04	4.672186869297489616e-04	2.001103248269945570e-03	9.912073769911614596e-01	9.322506850482764065e-05	4.138550607546309006e-04	4.027864494821962300e-04
4.193873085748287682e-03	1.514406242885972228e-03	4.708594719711075433e-02	6.391143781242772902e-03	2.527879617509372623e-01	1.050752975986947620e-02	6.417923462828494241e-01	5.042182329363939855e-03	4.887873770565918409e-03	2.579673579942609249e-02
3.146145144013619537e-04	1.065768305399758791e-03	1.281386992950147696e-03	5.306119069524240298e-03	7.235333423588268887e-04	1.890079578499648054e-04	1.390721449782479527e-04	9.846163290162904813e-01	1.398818205872948215e-04	6.224286835659811196e-03
3.543487806180582473e-03	7.236012452530057697e-03	2.740576421148454428e-03	3.720944158049930423e-02	3.975448249491812108e-02	5.053302179833215474e-02	1.867956043220389767e-03	4.886864618715237862e-02	9.010688056479311883e-03	7.992356871595392986e-01
9.651083674398892864e-02	6.783288058107783507e-03	3.091007258938561347e-02	3.628523783230488964e-01	2.314786404962216465e-02	2.643878106998909586e-02	5.546982987995770047e-03	3.221192456944872023e-02	3.266691191104250103e-01	8.892875249798791459e-02
3.933746721255683768e-03	2.093684174955604427e-03	3.979431584615767542e-02	8.548477919262135669e-03	6.108858076692261774e-01	6.070705094350952423e-03	2.016913376340288139e-02	2.569901153200091978e-02	4.170801286115194406e-02	2.410971044182360634e-01
9.924374007435906675e-05	9.878143302083089994e-01	2.146764005407366185e-03	2.389967728043017260e-04	1.506935204910740439e-04	1.078106796432027649e-03	7.730978764382983454e-03	2.056263823568466910e-04	3.536939838010239663e-04	1.815658259412700627e-04
3.907772791507996626e-03	7.693570268491525940e-04	2.780382368784291378e-03	2.116335792215506308e-03	9.300686087856091522e-01	1.105854117882388091e-02	9.578045043946223705e-03	2.788115681489100606e-02	1.112294379723136181e-03	1.072750581764947073e-02
4.876635236626938354e-03	5.310333266710404176e-02	1.305870295483466635e-02	2.326199115443578283e-02	6.003311355071933551e-03	7.794933182042348419e-01	1.557684618910938103e-02	7.947050196148580659e-03	6.524678342849032919e-02	3.143202861394354258e-02
1.309858531621790109e-03	7.857519669935244307e-04	3.902582407360314677e-03	4.465443730724535064e-03	3.342139780305027341e-01	1.031310604427449103e-02	1.250783152846122797e-03	2.999675647900792736e-03	7.774212298564940962e-03	6.329846081892106513e-01
6.097017732361755373e-04	3.075670341877749709e-04	7.067948767467094762e-04	9.893128571411374805e-01	2.367197296668118703e-04	5.318259633821085554e-03	2.181734329589955594e-04	2.323666841744953689e-04	1.564943387304008155e-03	1.492616306766323710e-03
7.811126940401874478e-04	1.872573927542339745e-04	1.582888622221220688e-03	6.662489060767850342e-04	1.300353499215663351e-03	2.044422507990716498e-03	9.913176624652088043e-01	2.069362008796333608e-04	1.174651945328818994e-03	7.384657662838205747e-04
9.960652839069732423e-01	1.415290127842170102e-04	6.636064871658668533e-04	4.490783401855712805e-04	1.009998661068227762e-04	8.409948590697137677e-04	7.115379373181382407e-05	1.981502915054272646e-04	1.021696410937915746e-03	4.475070315390820928e-04
2.465367588972060785e-03	1.799846279369050591e-03	3.731424441669333163e-03	4.955598691402256055e-03	4.111763405219077683e-01	8.188431265260693107e-03	1.226356178223823130e-03	7.810952567492151707e-03	5.234497032925338952e-03	5.534111854327775637e-01
