9.695140654644723854e-01	1.932663707729700140e-04	4.919408006374939753e-04	1.595604699397671147e-02	5.794045219767447567e-03	4.493980737073000574e-03	1.209704302603485703e-03	4.621089360378876363e-04	5.276581408155428966e-04	1.357183033842859808e-03
9.942622855975452589e-01	7.826659812330945211e-05	5.127923554015832502e-04	1.134342446613805389e-03	5.376880808574794501e-05	3.131522283373300818e-03	3.045774607521070892e-04	7.845620834434902503e-05	2.693644373124262528e-04	1.746238044478984027e-04
2.225070765190162447e-01	9.659627461136283512e-04	1.833121178129409543e-02	3.607366841455335836e-03	6.355403538487904846e-01	1.695566511755229946e-02	7.816229693862492001e-02	5.603328267984831676e-03	3.186408991520004938e-03	1.514032894764828080e-02
3.721585087280589350e-03	7.444477491631408886e-04	3.401209344618320515e-03	3.650023540801715545e-03	3.375728157342439573e-03	1.598891915679723739e-03	1.068959698857469042e-03	1.072096615361631906e-03	9.499525189912013667e-01	3.141453889969365865e-02
7.653062856483542481e-03	1.383911852482772563e-03	4.515654067730655308e-03	1.501797111088416618e-02	4.733222563168736075e-03	3.193513898674422979e-02	2.764538716158399488e-03	1.988363774858997648e-03	9.270333284167451282e-01	2.974807654743498887e-03
1.752863571504852461e-02	4.835006927837158541e-04	9.144380789622773113e-04	5.817483484711738657e-03	4.492186541708882838e-04	9.265402358123292492e-01	2.384964045902897203e-03	4.016819898198312200e-04	4.460947501381573588e-02	8.703665124550702620e-04
5.028182905001398221e-04	2.813308918509312595e-04	3.150177852857760207e-03	4.984905042179411418e-04	9.811747703261396447e-01	9.998781109564691075e-04	1.035903608743458980e-03	9.221354039153188686e-04	7.359540806218232718e-04	1.069854093019646443e-02
4.335414083888259728e-04	5.492052132085762121e-04	6.833611948607731280e-03	3.087053239311830528e-03	1.360885020953268680e-03	5.088509230436840574e-04	4.292701267974103957e-04	2.978664610131718377e-03	9.818176528576604278e-01	2.001264651896434831e-03
2.548635903226624186e-04	9.909837423185801893e-05	1.540516628381578888e-04	6.518171475947483369e-04	1.360403668714277575e-03	5.023563698904226797e-04	9.805650104258201475e-05	9.885263020842878223e-01	1.389567995571694447e-04	8.214093801520374813e-03
6.792805459054641589e-04	1.364430915172820582e-03	1.443728976165061136e-03	8.265351941200276276e-01	2.945038629400598996e-03	1.240362150197960311e-01	8.302734615468409726e-03	9.150856630179633917e-04	3.164349710877160937e-02	2.134794406274441794e-03
3.944797489539913701e-03	3.348441780282403971e-03	1.844056183105773333e-03	1.554391675019262814e-02	3.520108656308922664e-03	8.720289203360009900e-01	1.719970147846292636e-03	4.020828588192469286e-03	7.551500974258018584e-02	1.851395032595046924e-02
3.342339347555378626e-04	7.329649054377020394e-04	2.242625414813133756e-03	5.495295019593729284e-03	9.203076555494037470e-01	7.116217115786044800e-04	4.980859444165607964e-04	5.362779389964628975e-03	2.248125772930902565e-03	6.206661235710544261e-02
1.353092721512062085e-03	9.511512570127484464e-04	2.157170713584614496e-03	2.572645314480367668e-03	1.515591982439264407e-01	1.678074286617830049e-03	2.225784489458879859e-03	5.460215229774982061e-03	8.559042978747077521e-03	8.234836247648850138e-01
1.210560550530431203e-03	1.835662409747064894e-03	9.620591140001798491e-01	1.138208111164478072e-02	8.606512087089291914e-04	1.491085760564606153e-03	1.053154891364423400e-03	2.474991514334232059e-03	1.515477517816274378e-02	2.477923374762935893e-03
1.551296686835261377e-03	1.964006821648911201e-04	6.403473688554647131e-03	6.591241762983496982e-04	6.680261009584369811e-04	7.398582629293509565e-03	9.811581751259503825e-01	3.305651692203235756e-04	1.238733695348575919e-03	3.956220453755522073e-04
1.961179576955282989e-03	2.172517840990553892e-04	5.928843123751280537e-03	9.438236896149137774e-04	1.613862486949544034e-03	4.037202702119254707e-04	9.787691057783469706e-01	2.510572322874726823e-04	4.967947076035061395e-03	4.943208981748585355e-03
9.843392178424100747e-01	1.490539967115036527e-04	5.726976729270941971e-04	3.860474107970366720e-04	5.703776532175436993e-04	7.563615713511024664e-03	1.531919574487316301e-04	4.312192880112893437e-04	7.270473271319145272e-04	5.107531137834051688e-03
5.417636983856298494e-03	1.113185540277359872e-02	5.241849872695381052e-03	5.804157115260550892e-01	4.607842179204671082e-03	3.573412945201847601e-01	5.025443053514293788e-03	4.468273912737893115e-03	8.717471995782870298e-03	1.763262055319504348e-02
9.476075585232626164e-01	1.662335976822527082e-04	7.905499731128311832e-04	1.047418955396768256e-03	3.423454018822469119e-04	4.729838260792849219e-02	7.741357211093971439e-04	4.878094027335091033e-04	3.901391942778674612e-04	1.095426622613937659e-03
6.461041226239999657e-01	3.418293464520260564e-03	1.592077055477714859e-02	6.779975044759817271e-02	3.766054673614567354e-03	2.260047404451633601e-01	9.769594850031499550e-03	4.233083011144296755e-03	1.384124955629699623e-02	9.142340372853698105e-03
1.245287490890457927e-03	1.501385782045274071e-04	9.942429552257564529e-01	7.180218036619195670e-04	2.246522256292935046e-04	8.918927146168081433e-05	2.675793314354169960e-03	1.165272903671975486e-04	3.345193398527852640e-04	2.029154598214874636e-04
1.034517716903150331e-03	2.927835102592151080e-03	1.040148769000343379e-02	2.631765663484328388e-02	1.193246638692723946e-02	4.766398213252872641e-03	1.721083918746553433e-03	9.092438053256726160e-01	3.154158800965855929e-03	2.850059021009279311e-02
7.403248037246511724e-04	8.404458839363025957e-01	7.916045550076436510e-02	9.425883611807876414e-03	5.881278643229389223e-03	2.056241704868546662e-03	7.355437703665817714e-03	3.988481466674834858e-02	1.352300953457998695e-02	1.526669894308600511e-03
7.167232195780897080e-04	5.226593658503574666e-04	5.616168557542878777e-04	1.481271303498208052e-03	8.342431502543284309e-04	6.444352527429272328e-04	3.524727520550883933e-04	9.837739417888836657e-01	3.587220154640644487e-04	1.075391429591881359e-02
9.618817016785975449e-01	2.089648592479211736e-04	1.327807843810328544e-03	1.740529738567968276e-03	2.170752176746626959e-04	1.356587781930399146e-02	7.048787079006314880e-04	2.121318350010586453e-04	1.842798907140242790e-02	1.713043228493528599e-03
2.821978908073080605e-02	8.497402686035561079e-03	6.255078269041346173e-02	2.272750505926495190e-01	7.853375872923311005e-03	1.605201385578181594e-01	4.044861611587442091e-02	4.679217216227539618e-03	4.030720900224427639e-01	5.688353716488440265e-02
2.134322011247004162e-04	9.936942494809209991e-01	7.052049277444406980e-04	1.350653877261830072e-03	2.724449492286563392e-04	8.466293680826630919e-04	1.830990200093615943e-03	3.172164885119682295e-04	4.647762883202283387e-04	3.044022187111464738e-04
1.221973750035483378e-04	9.974596264845274618e-01	2.550432323482500056e-04	6.576222524875913406e-04	8.634031298711375532e-05	5.931331185651718147e-04	2.780672211912926101e-04	1.392419233159475334e-04	1.817183179437962745e-04	2.270097616295998501e-04
3.422762993645602197e-03	3.533243084684343019e-04	3.043062376166155540e-03	9.850133276747823352e-01	4.040375611548308759e-04	2.036149858508165718e-03	3.234401323553963165e-04	3.407604964208705667e-04	4.427320826609919616e-03	6.358137718883039718e-04
9.697691689955871552e-04	3.843025885426686744e-03	1.485133440218217894e-02	2.296069006064723611e-02	5.727464090269571706e-01	1.401831421568884746e-02	3.984678413622919947e-03	2.462664848076794727e-02	1.665045669698407907e-02	3.253486736487273268e-01
3.095307042421340362e-04	2.640216721662107919e-04	9.837503056901198972e-01	1.195923955958476436e-03	3.259256204930688393e-04	6.915891970502443349e-04	7.667213178904327747e-04	2.819751131981656947e-04	1.206773762774902316e-02	3.462691011324687878e-04
2.693636236367030453e-04	2.335053083571914058e-04	3.004296567250257124e-04	6.202294256096004335e-04	9.903884633345888533e-01	2.636760707330508329e-04	2.650143351112536276e-04	1.459382654466520428e-03	4.718471800391516751e-04	5.728088410732485453e-03
4.396001628105003500e-02	2.378942611568820534e-03	3.293371791876121765e-03	4.717199193946814383e-03	2.474912113716070533e-03	9.207015485508904806e-01	2.682305915843386651e-03	3.091453626364109100e-03	9.746961970712947690e-03	6.953287944031192463e-03
4.859136907057976591e-04	3.844525109662486669e-04	8.558563231223970027e-04	1.324526913203808278e-03	9.773124680398695974e-01	9.392775982490487964e-04	4.589256028408239194e-04	1.179088616473299286e-03	2.037237144553254251e-03	1.502225356001570325e-02
4.952296753269827718e-03	2.471802339527948231e-03	4.344131148372134404e-02	7.045206789571619929e-03	5.181134638502288281e-01	1.796747202911059757e-02	8.527428675529838409e-02	2.845431034262320066e-02	2.523766843388580358e-02	2.670421812227626313e-01
6.461366316994292377e-05	9.967944683316882770e-01	3.199691867865321767e-04	4.335707830497723602e-04	1.049792533539177866e-04	7.781901669874589098e-04	4.442549301946716609e-04	5.458217098148302219e-04	3.820807756859304462e-04	1.320511992687574193e-04
9.953694398614648664e-01	1.500037208333546829e-04	4.675001807870989750e-04	8.785322968788653606e-05	5.542655275757372947e-05	5.855093592062677113e-04	2.162748867731506801e-03	9.691969257607319034e-05	9.472233786073491063e-04	7.737515634817599352e-05
1.210560550530431203e-03	1.835662409747064894e-03	9.620591140001798491e-01	1.138208111164478072e-02	8.606512087089291914e-04	1.491085760564606153e-03	1.053154891364423400e-03	2.474991514334232059e-03	1.515477517816274378e-02	2.477923374762935893e-03
1.528210572673874149e-03	1.002790416668422266e-02	4.469570230122870379e-03	8.105410759392943643e-01	1.666059517232518000e-03	1.542803402166349480e-01	4.994044475426999419e-03	3.059330749628481113e-03	6.567920348330820446e-03	2.865543783970941026e-03
2.863969761888256974e-04	9.891444533570143971e-01	7.205168264134590795e-04	1.181436569356812899e-03	3.105580894365945273e-04	3.387523514925739124e-03	2.930420385279054307e-03	4.788110306159512825e-04	7.836195020231211464e-04	7.762637487460195222e-04
3.990229980857416814e-02	1.177683069418739535e-03	1.102438110049565496e-02	4.801954692936924625e-03	4.989679074836634622e-03	5.799192840575079916e-03	1.743295647723886420e-03	1.588979993182780288e-03	9.154493520441261412e-01	1.352318172813007056e-02
3.037798967927191757e-02	1.223654425616999344e-03	8.509053520865615325e-03	2.078202131116494225e-02	1.379824829617733650e-03	1.838553268343339486e-01	7.468987055542556375e-01	1.014438619826194812e-03	4.275523843624361164e-03	1.683461381422638294e-03
8.936617773962044486e-01	8.300598758656089517e-04	9.649922386597726068e-03	1.614128369327366697e-02	5.883397212765763620e-03	3.373156413053769731e-02	2.485708881449909258e-03	1.840946390658856598e-03	2.407209639256021119e-02	1.170324364008610597e-02
1.978704497206316883e-03	4.181664578078062391e-04	2.944893952122789541e-03	9.873794518183993674e-01	7.537252715320496774e-04	2.250250903356136502e-03	8.788733249883210440e-04	5.391562377417548303e-04	2.301758560562992394e-03	5.550189762822147974e-04
9.953694398614648664e-01	1.500037208333546829e-04	4.675001807870989750e-04	8.785322968788653606e-05	5.542655275757372947e-05	5.855093592062677113e-04	2.162748867731506801e-03	9.691969257607319034e-05	9.472233786073491063e-04	7.737515634817599352e-05
1.173499210192053372e-03	5.429594891006504082e-03	3.247936608233874256e-02	9.254625757951361331e-01	8.473548207218917390e-04	2.176893281713470144e-02	2.358075290520518508e-03	3.069332655376584736e-03	3.221478787870243280e-03	4.189789649702637363e-03
8.529355814779594758e-02	4.194644531717594302e-04	2.129593251628706177e-02	4.884646101132848490e-04	2.188437218138481345e-03	1.167892602657469520e-03	8.809105310789774324e-01	2.826286306824379066e-04	6.310965972997150493e-04	7.321994144876255162e-03
4.422989359494203937e-03	3.436221738075180988e-03	6.661532876647707768e-01	1.009494693086094713e-01	1.934707410770250633e-03	2.366915775639640007e-03	1.317467824816785302e-03	1.820900582039053361e-02	1.989453352024663502e-01	2.264599894966615526e-03
4.857022533399978168e-04	2.668332572512319384e-04	2.105695797831599707e-03	5.972303955316845799e-04	7.904018926065035922e-03	5.962797067392211969e-04	9.802142673016506214e-01	1.373151992354699688e-03	7.568944500535882899e-04	5.699925919182387973e-03
2.802055546023169297e-04	3.665508546593534804e-04	7.739891200310507376e-04	2.184829551995583902e-03	9.417738720240128591e-01	1.653397276411493980e-03	3.415703317549138754e-04	2.038538864258040029e-03	2.029007716526603881e-03	4.855803870574765951e-02
8.821359330317406645e-04	1.318139362462439476e-03	1.422932890700634358e-03	2.741350667674268340e-03	1.444349134661610246e-01	2.051011573121405522e-03	7.220211296268694507e-04	6.103566231666720902e-03	5.638487137149050983e-03	8.346854416084058537e-01
2.815351902978631329e-03	4.380449471838042180e-04	9.997145521749264269e-03	1.702116210930397109e-03	2.762044693732602918e-02	1.402919995128824350e-02	9.224011242886729356e-01	5.783175019702373621e-04	1.368690077807500557e-02	6.731351959825274817e-03
3.042996715084074814e-04	1.386178032185437104e-04	2.699887134153704303e-04	3.847765078662339073e-04	3.790800059727329513e-04	3.119779432242480131e-04	1.154521633924758648e-04	9.907660315648251226e-01	1.354162805028531963e-04	7.194359346073959417e-03
1.503705858619700441e-03	2.021850957200684983e-03	2.441919609645467476e-02	4.499348531552895686e-02	2.225799836927567360e-02	2.260140106793525738e-03	3.738248603542243965e-03	5.125772868507253756e-03	8.784446073660613363e-01	1.523499445801598795e-02
4.207545319939518381e-04	1.334433763679554160e-03	9.012089789743359391e-01	1.150061360319954394e-03	2.606514376807422166e-04	1.406648069754991206e-03	8.405385034367410246e-02	7.139335755624196152e-03	2.307378664568396961e-03	7.179070983681278212e-04
2.316239988158157019e-04	1.570971460659810644e-03	1.655812545207506307e-03	1.895147502539512932e-02	1.128503947211012201e-03	9.312176252671265121e-04	4.377981837418365636e-04	9.493493993220106786e-01	1.073747684839714131e-03	2.466945020685138573e-02
1.143990021051785643e-03	5.346986308929809872e-04	1.914378069416193713e-03	1.456047526535389101e-03	6.144948786331722295e-04	2.136046926682553995e-03	8.655057328196136138e-04	5.907794171044749177e-04	9.893832549957453093e-01	1.360803801118440522e-03
1.202748842396380473e-04	9.945030594750369213e-01	7.344422203027388060e-04	1.407814431379000300e-03	1.682423180427266012e-04	1.053491201617916305e-03	5.712058895000028192e-04	6.697105064066056785e-04	4.435418993748026467e-04	3.282171741000207551e-04
1.691163758547964109e-03	2.011814120538696002e-03	2.017754687060587752e-03	3.156146751477704737e-01	2.304895851019998776e-03	4.332111835361305424e-02	9.072708394345479739e-04	8.194513818561278279e-03	6.167372409163125457e-01	7.199552507141038053e-03
1.404743025084102728e-03	2.139924100122276001e-03	2.559137590335900780e-03	2.507835947398950882e-02	3.428739171868631225e-02	8.035298836511739484e-02	1.465082951547668497e-03	1.136455550934982288e-02	3.869983079600075593e-02	8.026479864697662059e-01
1.488367557957035652e-04	9.386034509600873457e-05	8.386324511897821129e-04	7.048784872844955597e-04	4.839970945502379269e-04	8.489160088690986131e-05	1.015820247325694309e-04	9.966723229979058685e-01	8.615230092500400223e-05	7.848459416333845992e-04
6.646490489663756714e-05	1.734249011228788289e-04	6.955387149763555665e-04	5.354137216510120511e-04	4.363339601898779774e-04	2.322096947454790135e-04	1.001725536363428412e-04	9.959748697785100191e-01	1.726988541019283078e-04	1.612872916169516124e-03
2.432726533756662314e-04	6.406049976268436783e-04	6.621862958659025704e-04	9.792105402969958350e-01	2.741502304942776045e-04	1.406800449685428368e-03	2.112587252633343904e-04	2.778068889225253943e-04	1.255112839959788423e-02	4.522251062172360711e-03
2.622015910859884502e-01	7.254796464300216317e-03	1.084806187900396457e-01	4.774015662099616031e-01	9.985557658802615699e-03	2.576284011967205911e-02	6.193908304296689114e-03	1.388698794792860187e-02	1.375116219321452678e-02	7.508097122579555915e-02
7.312588282991200860e-03	1.441891310881221640e-02	2.559010397493927981e-03	6.830102762400351857e-01	1.388993524769904786e-02	1.381038046519363072e-01	2.467335618943273124e-03	1.012742192522105705e-02	9.912281592802976715e-02	2.898789859883829298e-02
4.175132358379613114e-03	1.248880402596628802e-01	1.051859106456342133e-02	6.909746844677443489e-01	6.446245978556330337e-03	6.926148532872911101e-02	7.237899292735005402e-03	9.388870255011925320e-03	6.551477388784056333e-02	1.159427710677675936e-02
2.682845201622826616e-03	1.452315249546378599e-03	1.156736833318107970e-02	3.756609511379743836e-03	2.314561084611557185e-01	3.442721251919980685e-03	3.399861670961586320e-03	2.856828010415518246e-02	8.176260574716742377e-03	7.054976296413607573e-01
8.889562379887704369e-01	1.707143154747085313e-03	6.948290596071283673e-03	5.493165823859344835e-03	9.228072210116353060e-04	5.757904182542098598e-02	3.186055440423263274e-02	1.080410004034536558e-03	3.975243026366948387e-03	1.477105955485200767e-03
1.055775816691602916e-03	2.235153821453068033e-04	2.237468599815934604e-04	9.915749307558612280e-01	2.279613814153262381e-04	2.679415482867763664e-03	3.102865318294536351e-04	2.198402421222348684e-04	2.468423056945388480e-03	1.016104490139925704e-03
9.756511259417154037e-05	9.962005631757255841e-01	6.231804384708084692e-04	7.286964729250412819e-04	1.626103377476240477e-04	3.014625537781427081e-04	1.034527945268041071e-03	2.749779866613415299e-04	1.855630767995192438e-04	3.908529000293341736e-04
1.697554561863395426e-03	3.349193797884772342e-04	4.530753658652818586e-04	1.127088719159026866e-03	3.512175312078395653e-04	9.866494201924155272e-01	1.333493767999742409e-03	2.932339643692671708e-04	7.079924998940599103e-03	6.800715183908679663e-04
4.901142654437069899e-04	4.725574607895663025e-04	9.251052623303273421e-04	9.841915251540209741e-01	4.096251334403344614e-04	8.507633677781520701e-03	3.149635120659451202e-04	5.703664405001519734e-04	1.914231838495387018e-03	2.203877255132039980e-03
2.018064344444205765e-03	7.302168141479641328e-01	6.105299178091288387e-02	1.482853410702339621e-02	1.147716622899443498e-02	3.487148715393599639e-03	2.203460990081016618e-02	1.302895808865088545e-01	1.676096859792292060e-02	7.834121290025164788e-03
1.941413410241003487e-02	1.947282054431883529e-03	8.615993109910423664e-01	3.765474391612606917e-03	4.229028892926131600e-03	9.020829770317340471e-03	8.691264185551261789e-02	9.156629064087355328e-04	7.985830467161307220e-03	4.209804568177004727e-03
1.915904330481429073e-03	1.428498457660178360e-04	9.926225623383012620e-01	2.677109909165453750e-04	2.048940477040743133e-04	1.722629040039462295e-04	2.128443238847368361e-03	8.799931054275434881e-05	2.258126295296823075e-03	1.992466981395321700e-04
2.572283243110287405e-03	4.394532626575330071e-04	1.745890114711221366e-03	6.666030477702479225e-04	2.019063445202784121e-03	4.324424993513059472e-03	9.788530998102661362e-01	3.811699768310745744e-04	7.384270894684802876e-03	1.613741211253063570e-03
1.268278111966244072e-03	2.801594359062369271e-04	9.861448269364642139e-01	8.346372954482302780e-04	4.312044893792927810e-03	5.884799279798084894e-04	2.690663322159148139e-03	5.721115620207419417e-04	1.831487336143314054e-03	1.477311178119422239e-03
9.811239025790399193e-01	2.324804530504026915e-04	6.600034361728051658e-04	3.183149331006128024e-03	2.194685278648834297e-04	7.108353796676020707e-03	7.173152130973784466e-04	2.087203737665122277e-04	5.343137659843961128e-03	1.203468629482048807e-03
1.244891644404538984e-03	8.907288282887498984e-04	5.831877002428948603e-03	9.699803207589344917e-03	8.804459961117562516e-02	5.812909804926353896e-01	2.024328060183911392e-03	2.352362031220020262e-03	5.617819980644304934e-02	2.524422293156305952e-01
4.561296476190116259e-03	1.573632952139943642e-01	1.000642596913392524e-02	7.089942784211394899e-02	1.192252399495609128e-01	1.699354444533140718e-01	3.869961169615553781e-02	5.827615569794881989e-02	1.406321759925080288e-02	3.569698851023375696e-01
1.025890290217974224e-03	6.273721436397566853e-03	8.401318007936656174e-03	8.253134061294626136e-03	1.624362547314351464e-03	5.685208463548406879e-03	1.904588254460158918e-03	1.891090867476218464e-03	9.621522713253854997e-01	2.788414745968639634e-03
4.619975799564243714e-04	3.123999240992591793e-04	6.976551588778309634e-04	8.439259391389519705e-04	3.451508549077739185e-02	1.793050146116205749e-03	4.022273372056657439e-04	1.297821429325621626e-02	2.127382068658849584e-03	9.458680620619132062e-01
9.942390237759516358e-01	6.075595252864475601e-05	1.223220038540095175e-04	6.863006159415345508e-05	3.874673458407524072e-05	4.710873348720923635e-03	1.446030871550800121e-04	6.749053933305497477e-05	3.972531433298730078e-04	1.503013529487140477e-04
3.842790484676393645e-04	1.302750279364731740e-03	1.274055904521402202e-02	6.984804334059362694e-04	9.511595267267559661e-01	5.766409342898229026e-03	1.367325982785632874e-02	2.801690368487122235e-03	1.264053927545940670e-03	1.020899100000411189e-02
9.146561758824384343e-05	1.482629362264791526e-04	2.451392078147822135e-03	1.846325973645716846e-04	2.768227027076143685e-03	1.206298853978187173e-03	9.917918064015878166e-01	2.008558850304653913e-04	5.743715400777511370e-04	5.826870629225315784e-04
2.116323010098166042e-03	2.079285230408774686e-03	2.860008921561903866e-02	2.994447032511053652e-03	3.871324781891273287e-03	8.272615649564884176e-04	9.464475006830062043e-01	5.643016851737608225e-03	3.450514125390454975e-03	3.970237504380878801e-03
8.551409777558044911e-04	2.615641175360284600e-03	1.342759390104450272e-02	3.370942572408493036e-03	7.949535593888706203e-03	9.025780168736976528e-01	5.499127735475668743e-02	2.797504352805808142e-03	7.619829075075995606e-03	3.794518123206186335e-03
7.377307372819802856e-04	9.209644030983051965e-04	9.124915715425148963e-04	9.350369292669938881e-01	6.107315366795959370e-04	7.032727089004092193e-03	1.026137513200983328e-03	1.257081971851492248e-03	4.067480964554769096e-02	1.179039626479939408e-02
1.968319185056361525e-02	3.599328088688752360e-04	4.199952843401882690e-04	1.955681274680697718e-02	1.046963719578446238e-03	9.240700856431192101e-01	7.228818582160674187e-04	5.855961022690751210e-04	1.530201835322295666e-02	1.825252163301469693e-02
3.879395727676683369e-05	9.977283454835510490e-01	2.681594573309725358e-04	4.517805471196687309e-04	7.056430859349573852e-05	4.555012540259029347e-04	1.138646208963987140e-04	4.562732827214753409e-04	3.315521845588408523e-04	8.516490392528692967e-05
9.087670715931298840e-05	1.478612964143438885e-04	3.105879528990533643e-04	1.655374557112693906e-03	2.365038370411237461e-04	1.140010404545252633e-04	8.658615277049157039e-05	9.961373017093642090e-01	6.386772271641281496e-05	1.157039024067748560e-03
1.115180362450972785e-03	1.174069248739390437e-03	2.642687606745451959e-03	7.116998511680181980e-03	7.245223657848514076e-01	6.099642298216989035e-03	1.178858729824107257e-03	1.296933717251589138e-02	9.301404387414681160e-03	2.338794558975609561e-01
4.098279246247916834e-03	3.112633318613356251e-03	2.316342753282889504e-03	6.929956176836830906e-02	1.439390207686566149e-02	4.538272046848841335e-01	2.457962779459233436e-03	5.624566797379293784e-03	4.123639068413557651e-01	3.250563973354343716e-02
9.100683581928675422e-03	2.498680541109131112e-04	2.893062838375795500e-04	2.786624519830232030e-02	3.041925159178948354e-04	9.128863866414282935e-01	4.230006448880544519e-04	3.294666566979627116e-04	4.784872448920231280e-02	7.021259336860059558e-04
4.820052686958973230e-04	1.266823057678536247e-03	2.292249432447197952e-03	3.016196524023110129e-03	3.751769390537435141e-03	9.748036460056989094e-01	7.240838030613494687e-03	8.899077702213850465e-04	4.376624080989160656e-03	1.879940439095035372e-03
4.216336507567628551e-04	6.233805768932568908e-03	2.434524185791766410e-02	2.310766171978310274e-02	3.712141566468177886e-03	4.534890827826997027e-04	4.506702780902518014e-04	8.733659885564137859e-01	7.604569483364548299e-03	6.030479803549049223e-02
4.380348706767231166e-04	1.279987192245021018e-04	3.734805086832814597e-04	3.092942952901455225e-04	4.318722338008900048e-03	1.600263616219030870e-03	9.908169198261477240e-01	1.405430978670397753e-04	8.418224378408134013e-04	1.032920290041819660e-03
6.336398952400199968e-05	9.977328018716160596e-01	4.885125580025700140e-04	4.885807727780594944e-04	1.015056733023718893e-04	3.346171232864536354e-04	2.397235160678604104e-04	2.610965434395672133e-04	1.312588116394784277e-04	1.585391403436981373e-04
6.757118280629532308e-04	1.471783145281951779e-03	4.107088842275271288e-03	2.208203273794086090e-03	2.101964575733225420e-03	6.046677132046972963e-02	9.186786796662714805e-01	4.690303599175278020e-04	9.130237030285814903e-03	6.905299579078624621e-04
5.936853126869100477e-04	9.483962216483605712e-01	5.690450724066508682e-03	1.641834169907883121e-03	7.242242595690216419e-04	4.697134751232295499e-03	3.399054653291711664e-02	1.289801587084047751e-03	1.093648214235864958e-03	1.882452799939462497e-03
1.521844741673573399e-02	6.546969173004060652e-04	9.179039940829749611e-01	2.167148777520577687e-03	9.971919638901700737e-04	2.609561216805573753e-03	3.341467817061391510e-02	9.915149658121435658e-04	1.546449642597040597e-02	1.057827006237624552e-02
4.414411430415953776e-03	1.475166229945432030e-03	6.438142252215466321e-01	3.322217324628803578e-03	1.060745546754675479e-03	2.162515933254304402e-03	5.807839630315117518e-02	1.700731007867412915e-03	2.827709254947667339e-01	1.200665507668956201e-03
1.517031097877136094e-04	2.188246488498874788e-04	3.512761905285629541e-04	1.985568727097277407e-03	3.353597910710908857e-03	3.656543628239057077e-03	2.732048401522671282e-04	9.802274976203747547e-01	4.839125533838964030e-04	9.297870770875637375e-03
1.597374061633477331e-03	2.883345415968671232e-03	5.688542687020665609e-03	4.419033296079775443e-03	1.544694441735172327e-02	6.990255367030566436e-03	1.829779787658527288e-03	1.868074551890818585e-02	9.022220023350370210e-01	4.024197711331136545e-02
1.628224778583300860e-03	1.222188045925642549e-02	1.000286753687092273e-01	1.795472740597295336e-02	1.554803081694228640e-03	6.183210137008898766e-03	1.736349812082060764e-03	1.140552304546638487e-02	8.370878656591174138e-01	1.019874025210905366e-02
2.187320242692967695e-03	1.015956982771315650e-03	2.819573473344335213e-03	3.980945665083755920e-03	8.872624660241464900e-01	6.936090208074770745e-03	1.700296891055825274e-03	7.780707237079229066e-03	5.826592826313371255e-03	8.049005044943791098e-02
1.625296275135926878e-03	1.020492298276093942e-03	1.858867006054625492e-03	2.421763238051212377e-03	1.117258882137659448e-01	4.319054072267152454e-03	1.368333949390465338e-03	5.690615585517717206e-03	6.743859313161492015e-03	8.632258300483793834e-01
1.184994371438950972e-03	2.396970561136020465e-03	2.438586845084046023e-02	2.256705614993481830e-03	5.935520699431765523e-01	1.479161671814643517e-02	8.962569242389355206e-02	3.736706587511722660e-03	1.164632604535638383e-02	2.564230492835065101e-01
3.042996715084074814e-04	1.386178032185437104e-04	2.699887134153704303e-04	3.847765078662339073e-04	3.790800059727329513e-04	3.119779432242480131e-04	1.154521633924758648e-04	9.907660315648251226e-01	1.354162805028531963e-04	7.194359346073959417e-03
2.734544748878869501e-04	1.338357815772346464e-03	5.324979639075039933e-03	4.461713935102351418e-03	4.025472275302689057e-03	3.377354282666008710e-04	4.175685156108933883e-04	8.174067825834300249e-01	1.223953029457660185e-01	4.401863238678627166e-02
4.955653726454689557e-04	9.470788548529085471e-01	4.077846812883389495e-03	6.922067350178884651e-03	9.830791066918378573e-04	1.611433223343507757e-03	2.058948020607250830e-03	7.957384292502497555e-03	2.675264122621899901e-02	2.062179742019627955e-03
2.661151820208627634e-03	1.662787063819186470e-03	9.760716454847414569e-01	6.064127049610262832e-03	4.778553673619801486e-04	7.609221018380145059e-04	2.600251261522996873e-03	1.837233537891949696e-03	7.381834078072306744e-03	4.821922349332911852e-04
1.144367855290336035e-03	1.381797619965815377e-03	2.375503950579462096e-03	1.521645021338301484e-01	3.354196763867241526e-01	5.729864153888469813e-02	1.348966824811913484e-03	4.434581710581416564e-02	1.418933171649064580e-02	3.903313948676086498e-01
5.673416869348653965e-04	6.410452721350885785e-04	1.058757504135984708e-03	3.795057968750725208e-01	9.469304716443627951e-04	2.054040062405692191e-03	4.584147524804286404e-04	1.548052678556048872e-03	6.113530669357870595e-01	1.866553760847942337e-03
1.536493701010596680e-03	3.130372565401322738e-03	6.307462714222110065e-03	7.985012754605516627e-03	2.313894181783125378e-03	4.748374722468443054e-02	5.451640578165793671e-03	2.681628381515285212e-03	9.210573283713493487e-01	2.052419527262578855e-03
2.130696460222469303e-04	2.406766309755390678e-04	7.569762635177339173e-04	1.404492368458457995e-03	9.877427853537852354e-01	3.005540720381456540e-04	2.780317454250882817e-04	5.982542447887131661e-04	1.243437652878847137e-03	7.221722022109878028e-03
1.149678605925968152e-03	8.702937839884308246e-01	5.082394887824243437e-03	1.453571535856072044e-02	2.276444023979258546e-03	8.348678915437025838e-02	7.426764888796353117e-03	8.537873351080086520e-03	5.022041484610816411e-03	2.188514256421513707e-03
5.056557665020226799e-02	3.506979145797335488e-03	3.077035508935507813e-01	1.915817249270968664e-02	8.949296289445620931e-03	1.985865569772312864e-02	5.365726840140869758e-01	5.061490110540092791e-03	2.456726841014820334e-02	2.405632629579599127e-02
4.829806027774982582e-04	9.707371073982397069e-01	2.727190739165414202e-03	3.726605615445755578e-03	8.013632492309103557e-04	1.230278858627691790e-02	4.576109945354418090e-03	1.519639239784902800e-03	2.162331746189817376e-03	9.638828775347963460e-04
2.100934960853731480e-04	9.911136509189516497e-01	6.356811774476403771e-04	1.997176703199399564e-03	7.991721434048757681e-04	1.040153770759170071e-03	5.848013423064137104e-04	1.570218378107691602e-03	1.268811463672800356e-03	7.802406060651767474e-04
1.606716207469012893e-04	2.731583659023805247e-03	9.913389288125019627e-01	7.397345041912621209e-04	1.385885856274280976e-04	8.814365783866051933e-04	2.130426125409806172e-03	3.600274285325407385e-04	1.282040796218779626e-03	2.365618893608013537e-04
3.005002211501202293e-04	9.813224665189633766e-01	1.149641157726983892e-03	9.069422192311193606e-04	5.487307020240728660e-04	1.064703798068339889e-03	5.862598832736505734e-03	6.357146154857880142e-03	1.744473774427623665e-03	7.427966208138875965e-04
5.775764421015638006e-05	9.974062404077416177e-01	4.610788095604386166e-04	3.170361310376938030e-04	4.628652021347048288e-04	2.166662027269446763e-04	3.469148072114053901e-04	1.141093127984472609e-04	5.252953183024285273e-04	9.203616427636267944e-05
4.852668653956855767e-03	1.352722881976273044e-04	5.999248895373436846e-04	2.734223018410222275e-04	4.246928175128541301e-04	3.926759179792657477e-03	9.885868615154790318e-01	1.245619737627702084e-04	4.387737958388169884e-04	6.370625840811726219e-04
1.366230845746217162e-03	6.781131597877371230e-04	1.974616172305631787e-03	2.439039721929564183e-02	1.015494060461594530e-03	7.350487846421217830e-02	1.251164147752867372e-03	6.669622246444846568e-04	8.938046127941745578e-01	1.347530911619039149e-03
8.446932027197309332e-05	9.957836449925711042e-01	8.778666032455649786e-04	6.186784465922617621e-04	9.799008863220271849e-04	1.896481885963893711e-04	4.292120193357394945e-04	2.070695142560761916e-04	6.845621354009851249e-04	1.449478934077715975e-04
3.618588665721481253e-03	9.277167090886341430e-05	1.336591386274085238e-03	1.406333468453512480e-04	4.337213134987479338e-04	7.832157904767716875e-04	9.930031158003990166e-01	7.938164802202966376e-05	2.146795732311481048e-04	2.973008046224997754e-04
6.964891621026921421e-05	9.971817568803831300e-01	3.853539981401277420e-04	7.121000831042023551e-04	9.371951561927297446e-05	3.131194432652730604e-04	6.336211366660772287e-04	2.038660289913034199e-04	2.716769572047770761e-04	1.351370404157240890e-04
3.614180995774409801e-03	1.060554589880998225e-02	1.851779370325198210e-02	6.500183166968340198e-02	5.802650449591230039e-03	7.848280592629712782e-01	8.822981166060044761e-03	3.170470202653300276e-03	9.498766120962257031e-02	4.648825441581861014e-03
5.639590168417691479e-02	4.565890106957653204e-03	5.961121452993543013e-01	6.726202091933214389e-02	1.139931384349275600e-02	4.722343904679805054e-02	8.808931203092730880e-03	4.974619441449839793e-03	1.906147069106649272e-01	1.264303154468048029e-02
6.068453387987563646e-03	1.542939445619908602e-04	4.928071709286073465e-02	5.909856724733960134e-04	1.163636713993640914e-03	7.746844449449480580e-04	9.357426171944609461e-01	1.913931858860282382e-04	4.640296916844278800e-03	1.392921445986744586e-03
3.842790484676393645e-04	1.302750279364731740e-03	1.274055904521402202e-02	6.984804334059362694e-04	9.511595267267559661e-01	5.766409342898229026e-03	1.367325982785632874e-02	2.801690368487122235e-03	1.264053927545940670e-03	1.020899100000411189e-02
1.701076856229643706e-04	4.786038492919008833e-03	9.817578051300831499e-01	1.402514830210779351e-03	1.767290167107812859e-04	1.749791844417912057e-04	2.009695061723232572e-03	8.018253343310216769e-04	8.409448152465808998e-03	3.108571114915285698e-04
4.280345161916422072e-04	7.732189950122747178e-04	8.585132349645042613e-03	5.453407454240982678e-04	2.595491179070409226e-03	1.883450260628392187e-03	9.829045870465373813e-01	2.693975066896997961e-04	8.231030638542447507e-04	1.192244336947053665e-03
6.799801246873882947e-04	5.125860200565622582e-03	1.314931084847577401e-03	4.397777555276289468e-02	1.597938249812777198e-02	1.953645939480907687e-02	7.877994938371523205e-04	4.567036886600930705e-03	1.245752354003701150e-02	8.955732512237245535e-01
1.772572493540055865e-03	7.146006437186744158e-04	8.893348254980543328e-04	6.306779198238027760e-03	2.943234620585105654e-02	1.292342910949264081e-02	6.208848202893928756e-04	2.717311421034389052e-01	1.834328992680205701e-03	6.737745816072530092e-01
4.554960125964108977e-04	3.321965175565011171e-04	6.727893541636821746e-03	5.128791891137498811e-04	8.986497102862348596e-01	7.450621647794024738e-04	1.057561142314337229e-03	1.861259899168398900e-03	1.949207560692716758e-03	8.770873368590648145e-02
2.098773599205966921e-03	8.652343716432045907e-04	1.383686472216311483e-03	4.909954401322079963e-03	1.485537577511931821e-02	2.825713018279775099e-02	9.468578104995920876e-04	3.282845231793287636e-03	8.699972872755866102e-03	9.347001692826466535e-01
1.422432065216165144e-02	8.440787663412879782e-02	1.317328125746491940e-02	9.862666690377876189e-02	1.024254631512562866e-02	4.473780813881268054e-02	2.592300938270532540e-01	7.003965780490765784e-03	4.607731265191567505e-01	7.580313971826927073e-03
1.724292769123336733e-02	5.644899863694450475e-04	8.623181676707516790e-04	7.937203543574432585e-01	1.534507716943023454e-03	3.142485297681437556e-02	1.007692713577407586e-03	7.714746518666196770e-04	2.090845053710002274e-02	1.319629312009816535e-01
8.228335382564049699e-03	8.883769766259425179e-04	5.909872869698170293e-03	2.888788277448704409e-03	2.753777260086822179e-02	1.206530764405899445e-02	9.338025894376661418e-01	2.783850221597823464e-03	1.887797433881167409e-03	4.007309155590907911e-03
2.638525072445454655e-03	8.293548803580821360e-01	1.325004440271729950e-02	3.888238900954232857e-02	9.959850516220001768e-03	5.627600887192149570e-02	1.564906405148934129e-02	5.782020003888193281e-03	2.484743270697719122e-02	3.359785006716191520e-03
8.862425949272885071e-04	2.443107103427677581e-04	2.127913043367193077e-04	6.063585763888493935e-03	2.892806054885007500e-04	9.857279839278236810e-01	2.128332286433420525e-04	2.056339703782363569e-04	5.199345881868914013e-03	9.579920123022786201e-04
9.318216793261203668e-01	6.546195066025317904e-04	6.418787044740485205e-03	4.729095374230642135e-03	3.915959329383343407e-04	3.458403800076619190e-03	2.019128327590595951e-03	5.833035164798772805e-04	4.700650978945093705e-02	2.916877381769766419e-03
1.377096270524435931e-03	1.953126751273514660e-03	5.838588628883417155e-03	1.580256062023192853e-02	1.835839359739429091e-02	3.198029290896567487e-03	1.365733968538743182e-03	1.125176064873693524e-02	9.007051020164956734e-01	4.014960820702456051e-02
3.494028504500382160e-03	2.758772401261116447e-01	5.853809446429066206e-03	5.474040658434812384e-02	2.488082854162056157e-02	7.537707244619570868e-02	1.767299592378305736e-02	1.299273015249524828e-02	2.161291501696257361e-02	5.074979732575537472e-01
4.852668653956855767e-03	1.352722881976273044e-04	5.999248895373436846e-04	2.734223018410222275e-04	4.246928175128541301e-04	3.926759179792657477e-03	9.885868615154790318e-01	1.245619737627702084e-04	4.387737958388169884e-04	6.370625840811726219e-04
2.880481063877081416e-03	1.064231420889232005e-03	1.175075806195530030e-02	4.360214790829188003e-03	2.598615668662141998e-01	1.174647185605947643e-02	6.762633272023904629e-01	9.206860385162263932e-03	5.489116519382850577e-03	1.737697183323995073e-02
2.826244255789744962e-04	4.842950623854190800e-04	2.688811606466829165e-04	3.995360249728544151e-03	5.716135088133562523e-04	1.433389841666395841e-04	1.758354899532845405e-04	9.903078009900191381e-01	1.575569225437226963e-04	3.612693206164244684e-03
2.559129143878666190e-03	6.955853969153937347e-03	3.071047372896328759e-03	1.936388108442687120e-02	8.225107302011530619e-02	2.765411070660422910e-02	1.964078189211962248e-03	6.948768720082150463e-02	8.554048925843519766e-03	7.781390903870476494e-01
3.756045495231655207e-02	4.239071644287040891e-03	3.478505950217886111e-02	2.081594288007766191e-01	3.614151650325091170e-02	2.671796429242640630e-02	3.104965706184741655e-03	1.899266983372730963e-02	4.918718421113079664e-01	1.384270266535435612e-01
2.975306042805881714e-03	1.629133396268394891e-03	1.355935923621098826e-02	4.308947647656755087e-03	6.644106481932590125e-01	7.763127356308107893e-03	1.703510838116840259e-02	1.092312103238147168e-02	1.533336536721012153e-02	2.620618833467309172e-01
5.962427574370447812e-05	9.915574590638538410e-01	1.194966721520680005e-03	3.199323905882710760e-04	1.160213599944041115e-04	1.130095235657356490e-03	5.107068247072967318e-03	1.830768850975448506e-04	2.043430378175901019e-04	1.274127826540330326e-04
5.513946638143497718e-03	5.812826427047585766e-04	3.304245666002397688e-03	1.229651846607737698e-03	9.477484207457421705e-01	1.420803919255064426e-02	7.443909459562417057e-03	9.203901226058396404e-03	1.589764666746860001e-03	9.176837915881235624e-03
4.011694245271974282e-03	8.065765017477022347e-02	1.869407135394357891e-02	3.179726369664704483e-02	5.015402707028763195e-03	6.977615104815517721e-01	2.653409001292607317e-02	7.818845282974251285e-03	9.486306889158253874e-02	3.284640315330369931e-02
9.723086768153640230e-04	8.437567223081918590e-04	8.177243805184683523e-03	4.516924298225167070e-03	3.263865219705611165e-01	3.031476852229680451e-03	1.194469140710824806e-03	1.646493028196056993e-03	8.034940917563598850e-03	6.451958645882052146e-01
1.442097003811713572e-03	2.538388481260684987e-04	6.998101150964009800e-04	9.893361153008680686e-01	4.287318734773091036e-04	4.674801550102930352e-03	3.132799927394715406e-04	2.697007149798645348e-04	1.201672918328479649e-03	1.379951682469819727e-03
1.042790526855468143e-03	1.306008134920338569e-04	1.126124389086576808e-03	4.231902492945252277e-04	7.219615469192300870e-04	1.225658028094446170e-03	9.937735562699968606e-01	1.584699520911352370e-04	7.725147043143836944e-04	6.251335198553247419e-04
9.935589414492357330e-01	1.736944367775799592e-04	2.027060092381358439e-03	6.737821345203701519e-04	1.105310283359904578e-04	6.303814738099059768e-04	1.244657698547104255e-04	1.594853154743804330e-04	1.641601513017673175e-03	9.000567865921088205e-04
1.923190079739416211e-03	1.184202503853248054e-03	3.143765717912066788e-03	4.235475125734479082e-03	2.398267738074849054e-01	5.162325988369917754e-03	1.049103032303030708e-03	5.587002710079372672e-03	3.152117559529963881e-03	7.347360434749935498e-01
