9.704451388069245121e-01	1.600637878138953666e-04	4.251835857126851515e-04	2.094658357972543211e-02	2.554129727818457013e-03	4.008009652045872034e-03	3.414275124095796066e-04	3.143252608095934418e-04	4.592714525362501460e-04	3.458666342036733135e-04
9.937423176621601462e-01	5.687971981420107155e-05	4.121695284223729060e-04	1.098241819156658972e-03	6.219863837392047368e-05	3.952817490890474933e-03	1.149184203165380441e-04	5.358352558267141780e-05	4.087320241432151262e-04	9.814117113982763192e-05
3.393565425038534422e-01	8.100297771552127752e-04	1.416111586894493006e-02	3.389351376485136551e-03	4.967871063031403245e-01	2.686157844013497761e-02	8.993504661202211814e-02	6.732296094971010683e-03	5.293207932830541404e-03	1.667372509046244691e-02
4.457201550096924654e-03	8.188669376764701234e-04	7.770900697092603115e-03	8.937171452997586321e-03	3.081483788049773753e-03	1.526469460920721428e-03	1.281338517539559307e-03	1.232367394643554001e-03	9.284967842782908543e-01	4.239741592269194448e-02
6.221234752102534731e-03	7.666713988053032534e-04	3.741751102673075095e-03	1.465218373855746610e-02	2.738646164147736164e-03	4.153518872064099199e-02	2.458924767032283527e-03	9.470971262796901982e-04	9.252539646128701278e-01	1.684337616890798587e-03
1.188202054313901128e-02	4.119423684039588631e-04	5.711877331488866708e-04	5.458215766077069604e-03	4.469307952568412332e-04	9.496417237893243213e-01	1.908974285689073007e-03	4.250152034192344148e-04	2.890796604662554392e-02	3.460234689157731173e-04
4.280800640086224120e-04	2.267232089007679854e-04	1.671178033716011046e-03	4.081107392264898023e-04	9.860869789502579863e-01	5.611540136902943557e-04	1.285885923362803168e-03	1.021027894197972701e-03	5.477613285471071795e-04	7.763099844092055668e-03
4.867615542595163727e-04	5.580222471236040557e-04	5.514485549681814348e-03	1.444330442477558896e-03	2.070007697090728467e-03	5.741957736048716775e-04	4.823293997362247893e-04	4.636061682031127236e-03	9.806620221389028558e-01	3.571783515091681797e-03
5.489082200430462537e-04	1.612679789260909992e-04	2.281772149497161557e-04	7.821216954658126398e-04	4.027382788424688741e-03	8.271511758038581612e-04	1.533764710093649911e-04	9.790545329090958315e-01	1.899712688649168629e-04	1.402711027741684879e-02
1.723380391168018383e-03	1.694263088642299553e-03	2.958094548991812168e-03	7.298293751092854720e-01	5.712204930559474335e-03	1.719054269323177786e-01	1.156180431092572111e-02	2.067247078458156560e-03	6.681298459148618529e-02	5.735219018165245951e-03
2.921961726193570818e-03	1.891745445534832350e-03	1.460050793932912531e-03	1.365454017282992372e-02	2.523138457699805430e-03	8.762003732143263113e-01	1.020697069602995773e-03	2.946600670019962863e-03	5.104110518367465515e-02	4.633978726618494248e-02
3.673257834007288337e-04	7.553107892738231957e-04	1.802657943691601469e-03	2.428735384888902442e-03	9.028325453755428054e-01	1.169417969811943061e-03	4.981887310226838957e-04	8.709234079930750980e-03	1.636008942931921339e-03	7.980057499950460320e-02
1.233305730582075167e-03	9.927933950673649508e-04	1.728560454850603008e-03	1.234863924140304102e-03	1.365012788248332332e-01	1.494016900107026161e-03	3.209746873479582367e-03	4.577826593981176861e-03	4.733717355606355259e-03	8.442938899473522163e-01
1.364542269528311183e-03	2.376236114992830682e-03	9.414769258322802647e-01	1.462658596302641653e-02	1.531712059311077278e-03	1.575604268941465432e-03	1.274515034498556942e-03	6.849788279813576707e-03	2.752829777617083612e-02	1.395792401436517140e-03
9.423508342199202496e-04	1.685801213307413951e-04	6.861808899962544214e-03	1.005018137270377457e-03	4.077222702461378158e-04	6.846359098174261033e-03	9.815683321012521612e-01	2.637610741393059117e-04	1.721311939986342994e-03	2.147555234185464200e-04
2.817804673945030133e-03	3.228829264599528928e-04	1.239746875035556764e-02	1.199221008984294960e-03	4.820840498441362684e-03	8.874081127905890549e-04	9.586734297598833443e-01	5.132152740697884822e-04	9.735093024574103387e-03	8.632635970495667818e-03
9.889984395970377040e-01	6.558247348419737573e-05	1.269790926994746397e-03	6.440636503499869202e-04	5.524945623351578761e-04	3.466028584262354113e-03	7.226623752261732668e-05	2.272201283243071093e-04	6.551851152243084704e-04	4.048928724464612681e-03
6.497386795367345730e-03	1.251707328675527413e-02	5.255408013190716356e-03	4.103392763355848127e-01	4.777688648648156441e-03	5.128282749234615023e-01	5.162187186411659919e-03	8.200139352611551455e-03	2.235200240710955022e-02	1.207056305085943589e-02
9.762252078649625853e-01	1.104469210010900420e-04	5.665432143967137884e-04	6.791106773462694812e-04	4.358086768423576453e-04	2.033081053084313458e-02	3.815279922494570187e-04	3.207332488036609627e-04	2.177147203460105254e-04	7.320961532086776294e-04
5.455766686929687248e-01	2.661420316017006245e-03	2.479944484952018025e-02	6.801690087185691125e-02	3.347290065814510687e-03	3.328286030690516539e-01	4.977739618721548076e-03	3.026119384517902185e-03	7.304780953252769556e-03	7.461032178278703686e-03
1.187498014720983269e-03	1.528187719888484839e-04	9.937639983280859290e-01	8.937639589679329498e-04	3.061293039976632877e-04	1.899098727710687821e-04	2.481902851678442420e-03	1.768739972746919981e-04	4.479820759250122434e-04	3.991228245894061066e-04
1.146740907267574912e-03	1.305019016949824501e-03	8.932323335821983762e-03	2.569089641069603747e-02	2.882794706118613562e-02	3.999069987208329902e-03	1.917938222323365121e-03	8.846906211666900610e-01	4.600423645966072485e-03	3.888902024589065143e-02
3.491137770368433601e-04	8.555748895798542808e-01	8.764772775850333819e-02	5.181430506882501140e-03	4.058463364454564619e-03	9.115563147127303751e-04	2.599465013913798955e-03	3.111750530606678319e-02	1.208200942756389867e-02	4.778389510114924984e-04
1.916862434998799214e-03	8.457906983678523897e-04	1.404146816615912908e-03	9.731038022342618872e-04	6.501350645806955363e-04	3.289418404880462606e-04	1.883643438130371776e-04	9.842672017780983440e-01	5.394826994671970358e-04	8.885970521335750591e-03
9.543778082966797305e-01	1.998061001855961109e-04	7.327574325651688017e-04	1.862427945282175068e-03	5.094036717195090779e-04	1.873233605423820641e-02	3.009784192422009365e-04	2.844325560767075114e-04	2.143450951675831065e-02	1.565540007252243975e-03
2.991426810137011102e-02	8.022923777027535577e-03	4.601617619081786736e-02	1.308952579067157174e-01	4.621245362169770256e-03	2.145838304771653660e-01	6.443694982507236491e-02	4.641842831143834502e-03	3.863553584268664687e-01	1.105121471016508733e-01
1.545967490956152990e-04	9.936412015755707872e-01	1.114826946118573428e-03	1.329660548160317788e-03	1.814238821561617050e-04	6.437789449250578113e-04	1.706144445342568962e-03	2.348491752754622492e-04	6.520998414630841669e-04	3.414178918923287641e-04
1.285684986852709134e-04	9.972830432500338071e-01	2.824632187702569514e-04	8.679941870785805704e-04	8.160105254975598974e-05	4.037606346936008683e-04	2.653258958452428345e-04	1.368678761318515191e-04	2.573881204536018958e-04	2.929872657584546634e-04
6.356753638297274987e-03	2.841676397561953313e-04	2.109196895323043382e-03	9.847888645632024707e-01	2.926510493880000378e-04	1.404623594794532663e-03	2.333827777878658746e-04	3.676627302533700260e-04	3.734743751664885286e-03	4.279533595323250410e-04
1.090904608485929140e-03	3.295641337987960731e-03	1.346647495789562131e-02	2.752952697549692837e-02	3.780371186985505561e-01	1.680155802142573040e-02	5.367383039649000105e-03	2.341952336384294300e-02	3.154484994883116622e-02	4.994470190478341731e-01
6.637482900090033860e-04	3.609478221994037467e-04	9.600356437381686314e-01	1.624565762145888624e-03	4.893254996867475812e-04	7.261851567382306442e-04	9.665919107780838538e-04	7.885103875481822098e-04	3.394665273207662232e-02	3.978287006490407660e-04
2.163337802909897029e-04	1.746367477805505744e-04	2.052395656479923580e-04	4.153121833181118677e-04	9.936322307086820071e-01	2.155654261182854870e-04	1.783754931673174615e-04	9.069033403310519962e-04	4.109120654609493633e-04	3.644490689202666087e-03
3.342858273528984125e-02	1.506931917807909516e-03	3.962180780445890248e-03	3.506550116757095516e-03	2.372116185506066739e-03	9.350899229525360123e-01	7.242417211333874137e-04	2.123496878353624967e-03	1.092411383960127137e-02	6.361862872569057185e-03
7.099299176179159907e-04	4.949458679778513757e-04	1.093907493146235518e-03	1.224909053253713225e-03	9.652896517349754957e-01	1.097460180321546729e-03	7.770415920704250388e-04	2.682155127482906479e-03	1.556815160439826594e-03	2.507318387271415677e-02
3.254110715951900792e-03	1.881669454273928030e-03	5.393077337600982873e-02	4.625922927684681871e-03	3.694525782770120559e-01	1.412550594558382132e-02	1.202972057105159698e-01	1.890628060011679754e-02	2.733905886618002989e-02	3.861868941266712318e-01
6.899800362685946584e-05	9.956473782248703719e-01	7.222799998329235268e-04	5.472919563308022975e-04	2.721462612128367538e-04	8.247630466226343058e-04	5.109387431198041422e-04	8.310890910356943072e-04	3.746369143983733943e-04	2.004777589495552049e-04
9.961031139076460539e-01	8.137307015228545132e-05	3.912673057865923292e-04	5.084072656853512147e-05	4.231829861419302149e-05	6.094855454523564553e-04	1.653747594663921737e-03	4.128070344343715123e-05	9.597671336755784609e-04	6.680571399708188480e-05
1.364542269528311183e-03	2.376236114992830682e-03	9.414769258322802647e-01	1.462658596302641653e-02	1.531712059311077278e-03	1.575604268941465432e-03	1.274515034498556942e-03	6.849788279813576707e-03	2.752829777617083612e-02	1.395792401436517140e-03
1.877928856161248513e-03	1.641794426470872745e-02	6.285779932427292514e-03	7.131808017834175839e-01	1.995436738145288987e-03	2.449288877887099425e-01	4.232115750678260707e-03	3.169593607507761607e-03	5.231736958352713011e-03	2.679774319890999758e-03
2.023665881458373372e-04	9.915624638564746185e-01	9.190751088831661470e-04	9.691057500517368103e-04	3.751378183472032580e-04	2.541493619186899807e-03	1.623784246029355820e-03	4.344607877023040567e-04	1.010455670479852358e-03	3.616565546992490661e-04
4.769710889455602149e-02	1.101709070587893365e-03	1.252898445267814145e-02	8.220838504199017016e-03	7.162078433306530087e-03	6.530018918208710735e-03	1.895812507628874240e-03	1.670824141015064867e-03	8.973544657402440228e-01	1.583815933757590222e-02
2.648931322391302745e-02	7.084920707355614163e-04	5.506361401992331331e-03	1.465387712071920638e-02	1.132952162078136940e-03	1.114410758404981022e-01	8.324307247512726660e-01	6.172770738841211035e-04	6.076295227635048618e-03	9.436311272719290037e-04
8.218873885120701051e-01	1.051561366916268754e-03	1.019368909996116838e-02	2.707234402066401729e-02	1.141804584726530299e-02	4.960475307171272746e-02	3.311112894756456163e-03	2.532435995890275175e-03	5.750223700255392700e-02	1.542643218820980745e-02
9.188188031818742647e-04	2.848947000724034767e-04	3.654103315844493046e-03	9.894129490901403257e-01	7.275155044715564097e-04	2.339438665917201697e-03	2.836565915629268137e-04	4.502231185753124130e-04	1.372886098840679810e-03	5.555141113932263565e-04
9.961031139076460539e-01	8.137307015228545132e-05	3.912673057865923292e-04	5.084072656853512147e-05	4.231829861419302149e-05	6.094855454523564553e-04	1.653747594663921737e-03	4.128070344343715123e-05	9.597671336755784609e-04	6.680571399708188480e-05
1.474027922626605040e-03	3.007114926926986089e-03	2.448291738192652500e-02	9.273005694640565899e-01	7.602328486860122090e-04	3.307503587122922334e-02	1.661827322823066291e-03	2.680418344010958125e-03	2.283267348677317336e-03	3.274588569036522914e-03
9.648127960896085709e-02	2.999678504535679708e-04	2.523176137433903038e-02	3.896740757102132822e-04	1.812667621489794968e-03	8.737762885280675853e-04	8.708480724059041167e-01	2.664742256269337999e-04	7.996296031311849123e-04	2.996696945856176450e-03
5.411531434153646868e-03	5.319887547574525359e-03	3.972535423507409513e-01	3.412352211385591971e-01	3.162080865248263067e-03	3.646285812775706091e-03	1.874659033927828520e-03	7.773139310423378065e-03	2.295197536843626707e-01	4.803898822234051701e-03
3.745983971442403662e-04	3.477319722164960518e-04	2.064948679037374550e-03	4.039439164493891193e-04	4.824522759209364138e-03	6.068578248592771621e-04	9.850516647181766228e-01	1.233945027451495251e-03	3.564867256642526342e-04	4.735299979791550949e-03
5.006764549556310317e-04	7.159488503009113838e-04	2.327558242816527706e-03	2.552716878500250856e-03	8.991342366646647433e-01	3.602692739052365100e-03	4.565039957502852624e-04	3.750308276529212229e-03	6.293372233470750747e-03	8.066598566395942471e-02
8.915615858005460082e-04	6.513651807435670267e-04	1.144293083098663370e-03	1.203405843629813199e-03	1.436677908678523075e-01	2.727620283852461545e-03	6.719300244547577166e-04	7.090469380104319833e-03	4.514198984713943714e-03	8.374373647657495923e-01
5.694375217156799271e-03	4.163849501851425391e-04	9.574830088514334203e-03	1.750127341970312287e-03	4.548234355107241833e-02	1.424682642028975675e-02	8.995905811972024768e-01	7.545753989834804278e-04	1.009922338358155113e-02	1.239073245104368136e-02
2.031583336726086901e-04	1.336263281513730698e-04	2.711167263557943160e-04	5.924103479051116491e-04	4.515185820109638738e-04	3.198301940355045207e-04	9.248219797539012331e-05	9.902980439874442542e-01	1.145477971450019572e-04	7.523265505303921435e-03
1.218677011440590921e-03	1.293630312104213391e-03	2.809415554410963495e-02	3.905220581024056864e-02	1.266089075109670843e-02	1.033600466647240134e-03	2.942647696424488448e-03	5.131129484809901324e-03	8.976996244069868069e-01	1.087343851613988693e-02
8.894724779671464229e-04	3.103193798561375630e-03	8.503502845006600808e-01	3.760177586557952780e-03	5.049078457540020657e-04	2.325648499060253664e-03	1.265831965624176769e-01	5.233081322322802667e-03	6.517258578236807126e-03	7.327788284623082057e-04
3.362011974647729422e-04	1.036282401100640680e-03	1.894279340083933469e-03	1.781021231545536557e-02	1.348147925137448697e-03	8.748171415891664538e-04	3.629422556377618226e-04	9.463218219641978957e-01	1.978512096976406051e-03	2.803678336235647037e-02
7.860074425000527923e-04	6.367541142617531716e-04	1.626909362531906789e-03	1.766207488171018473e-03	5.367772496717390131e-04	1.224948704645847973e-03	9.083067667741236877e-04	4.848701759866432654e-04	9.909300452568349238e-01	1.099173438621848858e-03
1.427501973137714419e-04	9.938746973535907969e-01	1.289655760164352483e-03	1.622766006986717073e-03	1.633083339513316783e-04	6.517304595705538089e-04	6.511750446021083959e-04	5.667788087681502026e-04	7.234701606023841852e-04	3.136678744497455279e-04
1.035363640915571348e-03	1.175021777350931072e-03	1.511498267617842608e-03	3.476585337938810083e-01	2.247214139736934679e-03	2.380652121575882116e-02	5.495169791996841208e-04	1.160278465020268303e-02	6.028211771925685580e-01	7.592368342767881299e-03
1.367756278108418376e-03	1.720070785300830199e-03	2.251629789508896411e-03	7.477911163353033637e-03	5.520273066517854960e-02	1.437203615922507671e-01	1.540009561370259475e-03	2.135466855935658909e-02	5.870570921434001971e-02	7.066591523912326700e-01
2.321980107211998629e-04	1.083111912017832340e-04	4.784624869274316065e-03	7.541960124232182164e-04	5.054144535423007577e-04	1.089892121154769939e-04	1.042136602390848532e-04	9.921488629490051725e-01	1.659177812810766082e-04	1.087271860196371712e-03
7.692470971733565222e-05	1.223027770463305959e-04	3.208755609930130908e-04	4.673677712750857354e-04	5.181206357828401724e-04	4.171225380830356159e-04	9.708449762344751525e-05	9.956872154149424281e-01	2.298946018463416893e-04	2.063091492690294782e-03
4.045733250654786890e-04	3.823640137938972856e-04	6.216091181841024420e-04	9.789500051494729460e-01	3.385482059131990741e-04	1.111739346852732126e-03	2.004862752881197106e-04	4.017837565906121674e-04	1.513492146772084553e-02	2.453969341118170458e-03
1.270699673142975106e-01	3.928136298434585678e-03	9.558438316771160348e-02	5.308509366091745951e-01	1.020185807528150267e-02	7.380945654272109968e-02	4.404077310643593479e-03	1.386928478747712079e-02	1.664617940494115059e-02	1.236357204893173967e-01
7.592843985898689238e-03	6.685533463958048643e-03	2.229643004602578638e-03	7.562815111532731338e-01	1.524061788075673982e-02	9.615753696231058023e-02	2.314661284498043588e-03	1.552104008825358136e-02	7.922464140393008225e-02	1.875197077251853153e-02
6.014767439261234881e-03	1.290256066042904659e-01	1.020469059796536883e-02	5.710874803134802224e-01	7.037639417982718797e-03	7.191491070760286375e-02	6.793660157038742230e-03	1.276239298229227097e-02	1.632895192397819661e-01	2.186933254030413998e-02
3.462913236107299265e-03	1.924866513519465135e-03	2.366148754591545708e-02	4.542433650013552766e-03	3.754144123504618014e-01	3.291778570408686409e-03	3.015956385572792636e-03	4.813509639735857881e-02	8.524106915942592649e-03	5.280269484346997722e-01
8.549960390953578182e-01	1.830304286225311943e-03	9.556568023363642278e-03	8.415276185204800460e-03	1.663197603305830363e-03	7.990524892778545774e-02	3.478495777061191285e-02	2.170963666732668787e-03	4.754494841922097745e-03	1.922949599490783373e-03
8.918466205189346961e-04	2.125673146989460062e-04	4.345253496653007875e-04	9.922177339738907920e-01	2.272397592007485028e-04	3.530751406955909884e-03	2.612849204186745732e-04	2.698647185537537464e-04	1.460191208370057760e-03	4.939947277267256551e-04
7.630471953059629858e-05	9.965435140919195467e-01	6.710267711741442053e-04	5.836188137245221664e-04	7.750383572642050110e-05	2.260392086626955295e-04	1.153504772081350967e-03	1.708618501708429756e-04	2.860878232926793380e-04	2.115381137172921947e-04
2.371147303538842163e-03	5.388971091473614920e-04	5.874572477176137793e-04	1.451220210588456206e-03	7.463506509720430971e-04	9.831970643778873420e-01	1.321263720616251388e-03	4.559020395219284274e-04	8.761320082321701064e-03	5.693772576885626881e-04
8.418442246045846180e-04	6.606004617847071637e-04	1.017357857131639520e-03	9.673686275586396155e-01	5.524675253409017019e-04	2.372615206510081745e-02	5.653200540548267107e-04	7.466596031000004904e-04	2.403808278880742617e-03	2.117162371362093978e-03
1.463906114302878855e-03	5.265454750914655424e-01	1.105911827903693356e-01	1.388923206274698952e-02	8.386645740952894390e-03	2.424694278028905695e-03	1.837412557859953097e-02	2.913812727235005617e-01	2.485643568068252388e-02	2.087029939350817844e-03
1.149158302613736624e-02	1.733429526948145798e-03	8.565752116533024152e-01	2.722495554564407540e-03	3.687278074646791783e-03	1.114356868929894384e-02	9.200561839908470707e-02	1.120864277681623850e-03	1.572172972821925599e-02	3.798221070116556287e-03
1.873111234089681453e-03	9.101795626577937031e-05	9.936274479762550182e-01	1.698915255900081513e-04	1.511859066385283284e-04	1.903476444812593742e-04	1.684549322754956254e-03	8.645462685277535806e-05	1.979866004366392061e-03	1.461278027054905833e-04
2.520813777033616056e-03	4.167010531971917760e-04	1.114500386207158524e-03	4.934677467097727194e-04	9.763118221952495979e-04	3.994342550396428639e-03	9.857675132618581859e-01	3.929585014861884597e-04	2.806520213252533969e-03	1.516870687663787482e-03
1.519034086191851235e-03	2.829993301712231853e-04	9.780688833456424591e-01	9.975103745615875386e-04	6.406792618017174458e-03	1.156862574588171785e-03	4.542029401454362320e-03	1.200963936334104422e-03	1.858841382418826606e-03	3.966082950619996897e-03
9.823943219113548952e-01	1.580538842285875796e-04	3.414780303146720364e-04	4.653767191054513849e-03	2.523280574488724420e-04	4.917861764592843833e-03	2.817115860308989656e-04	2.695809049115528667e-04	5.496272164881723689e-03	1.234624505181299058e-03
2.430970886882196334e-03	8.408083604499965282e-04	1.035970168951348518e-02	3.049548613455102183e-02	7.344923037123131382e-02	6.764950554654591830e-01	1.799143758814197684e-03	3.206917460056483895e-03	7.993116573800394808e-02	1.209915201350380276e-01
3.220154162781340302e-03	6.763652878928234913e-02	5.678366672154898376e-03	4.488884626239113967e-02	8.234963877852119474e-02	5.135561278051820749e-02	1.782787126773217878e-02	7.232653190681377631e-02	1.417982295536085978e-02	6.405366264244439778e-01
1.315734197779942858e-03	5.483602057115312227e-03	8.895476479762371574e-03	1.367698349853857347e-02	2.053980049011631080e-03	6.649051914394502397e-03	2.275247944180582016e-03	4.983615397979735372e-03	9.511784103367938448e-01	3.487898124443586205e-03
1.172875556397527750e-03	5.090018549441497914e-04	7.285835218962992757e-04	1.137867685409948071e-03	4.375196254312348210e-02	2.125635504573336523e-03	4.888082412467036845e-04	2.260361651393779509e-02	2.914040565671016658e-03	9.245676080127996910e-01
9.961212851049329187e-01	3.225750971626457073e-05	9.372649140552006598e-05	3.423044596552531445e-05	3.117428257531968701e-05	3.144567727949074305e-03	1.230571389556333608e-04	4.408285476022116243e-05	3.069559750838256177e-04	6.866246865607876233e-05
5.535306094957557262e-04	2.158153670245066373e-03	6.807977407923974759e-03	4.891188021119059499e-04	9.587903750307713580e-01	5.730667513625015835e-03	1.171386810298739173e-02	2.885404189281432809e-03	1.137025240827181823e-03	9.733879432730983827e-03
1.656999271358753159e-04	2.107034471299538221e-04	5.200824860524698098e-03	1.895273035880743471e-04	6.453766945266561743e-03	1.168837793857280521e-03	9.845358909192041263e-01	8.848919406621020937e-04	4.867127253211742002e-04	7.031441373101808600e-04
4.626096392387846722e-03	3.817928653336264810e-03	9.153868340432841366e-02	5.330357691610190102e-03	7.885866376629782973e-03	1.695485453506466586e-03	8.582861853986004652e-01	7.731194285963915135e-03	8.209804830881644103e-03	1.087839751275504994e-02
5.775372047671766679e-04	9.329037158122349075e-04	1.364374950905087973e-02	1.828682652622413887e-03	4.588236094619237669e-03	9.543555648882963149e-01	1.621370084221379626e-02	1.891595464429146004e-03	4.675984035983809031e-03	1.292045592205097156e-03
1.349600784993088606e-03	7.915990849585256015e-04	1.005677025853820997e-03	9.269202525782516133e-01	1.037810264004939776e-03	4.941693129492115422e-03	1.739061061562750853e-03	1.382358310517658876e-03	4.798581661190672726e-02	1.284613114845863449e-02
1.751431832202603178e-02	2.834970876556314645e-04	2.936532899042389633e-04	1.648692202610369320e-02	1.092385410219857403e-03	9.299649022494813622e-01	4.980028432059840872e-04	4.780377018980054874e-04	1.492245380562800920e-02	1.846582726387715687e-02
3.816535921105064586e-05	9.978009130641276592e-01	3.727824309499551880e-04	4.526622831503809602e-04	1.209167897122090705e-04	1.158190450654097205e-04	8.944204671422781121e-05	4.804561227916590385e-04	3.863875127577816272e-04	1.424553455194690649e-04
1.194715568761398685e-04	5.372711278838871547e-04	3.870588906272445003e-04	1.431176655722623918e-03	4.060587571188088848e-04	1.177992167127609922e-04	9.727119398509064289e-05	9.960441936986327294e-01	1.424809466329542932e-04	7.172179558078221320e-04
8.844674778456236390e-04	1.255617813385376735e-03	3.974569371630055567e-03	3.613653476539195782e-03	7.617898798248862180e-01	8.734746081795604841e-03	7.835738100340250726e-04	1.626161547194642301e-02	1.121954407612546327e-02	1.914823325958119604e-01
4.273198942262831750e-03	3.416790771164745621e-03	4.743027815214341698e-03	5.304811444704455453e-02	1.629340450701837612e-02	5.421790883051532672e-01	2.649488144572992657e-03	5.341219447144906519e-03	3.278302695422649626e-01	4.022539807815899565e-02
6.410353320079193763e-03	2.177490413096292386e-04	2.758325168312746609e-04	2.132040763279818493e-02	3.284555436549117368e-04	9.273431449327177445e-01	2.845742892342880532e-04	3.938109645839354836e-04	4.275988342418968885e-02	6.657883346013908138e-04
6.082378372844846623e-04	1.079196695693659730e-03	2.401409616431230895e-03	3.076603856113042674e-03	1.283666521426814547e-02	9.603878842804013383e-01	1.281902296211802350e-02	8.618190524378689307e-04	4.727987739839771379e-03	1.201172745412426579e-03
7.252448380733929074e-04	4.872007926755931792e-03	1.668492373543114388e-02	3.076028479065455110e-02	5.699543421139571624e-03	7.526170659111749766e-04	5.955587218409457871e-04	8.648358230599947349e-01	9.111070081818941138e-03	6.596292635837965046e-02
3.663850278540549421e-04	1.126726168689942480e-04	4.595202412786030997e-04	3.578469770288449699e-04	4.049646726179160702e-03	1.603059623235167461e-03	9.908645196832071012e-01	1.536083989243841781e-04	6.484018437580949153e-04	1.384338861665587337e-03
6.521601012592166051e-05	9.972250689048437478e-01	9.452213964200450059e-04	6.394026751935915362e-04	6.699874498752694774e-05	2.148084331847875000e-04	3.085377331283543066e-04	2.376110066160033306e-04	1.618669473827768677e-04	1.352681481173220572e-04
5.868455876289437783e-04	1.393103338773100421e-03	4.205621043252972917e-03	2.468621535528641234e-03	1.258026832709062924e-03	6.224858839973908958e-02	9.143130770193227397e-01	4.140289452649934367e-04	1.262227827774963472e-02	4.898090200305892875e-04
4.762262427864146744e-04	9.686579221710944765e-01	3.689415466273203350e-03	8.554763710953811832e-04	4.044943490326588747e-04	2.137087511515656842e-03	2.140394319579864285e-02	6.908144260392942194e-04	1.076508438366746874e-03	6.081118279972219393e-04
9.455821534089067781e-03	5.748438055862485456e-04	9.334667403866661051e-01	2.984247993956520156e-03	1.135084605020202520e-03	2.053426906195471649e-03	2.822849003935089598e-02	2.286518659734457139e-03	1.802734278099340365e-02	1.787483288407597150e-03
3.128770767519188298e-03	1.320184114023635006e-03	6.601621262620314123e-01	6.328311054676941452e-03	8.538997115538998718e-04	1.836524255225031616e-03	9.711222204270657243e-02	2.431046524974508384e-03	2.255994091150688163e-01	1.227506152219940598e-03
1.585054417952605054e-04	1.744325461827644073e-04	3.722239969177500965e-04	2.848785804095516246e-03	7.815296022468862930e-03	4.992255298206048526e-03	1.684400963782823149e-04	9.668358528553107067e-01	6.786627773745819306e-04	1.595554516127012379e-02
2.080962980243990582e-03	4.599339218328270425e-03	6.434285350007154861e-03	5.696073594282000628e-03	1.677991637813389461e-02	6.508765259659788152e-03	3.333222354932009832e-03	3.721406122975349368e-02	8.521388697519094446e-01	6.521450388274992183e-02
3.158792509240911702e-03	1.635914604487941418e-02	5.670951122271169348e-02	2.667474097662393337e-02	2.381799221289550034e-03	1.703862525260473049e-02	2.470022326112569777e-03	1.018980254139870666e-02	8.361803746252690628e-01	2.883718527986938937e-02
2.425121303654800657e-03	1.353032519990747182e-03	6.754941603910632857e-03	5.496670747772973258e-03	8.406128248584628926e-01	4.512335209343427272e-03	1.242282492928609107e-03	1.088989731830719218e-02	6.300654614161313970e-03	1.204122393314675243e-01
9.234978575380824390e-04	5.714662396800417304e-04	7.992537390746812156e-04	1.597701643043550031e-03	5.011517926001898132e-02	7.728064330961186609e-04	6.646138673910289988e-04	2.325729963181964646e-03	2.370845696720169302e-03	9.398589053002555094e-01
1.156542416454411741e-03	6.047994345612667938e-03	1.682280024805012444e-02	1.634610582457297553e-03	5.892489539282305122e-01	1.942300208426783747e-02	1.156515339059376313e-01	4.132038320528507586e-03	2.743621039678615162e-02	2.184463137716750047e-01
2.031583336726086901e-04	1.336263281513730698e-04	2.711167263557943160e-04	5.924103479051116491e-04	4.515185820109638738e-04	3.198301940355045207e-04	9.248219797539012331e-05	9.902980439874442542e-01	1.145477971450019572e-04	7.523265505303921435e-03
5.962574648210082831e-04	2.089721804762753078e-03	9.464583768858792975e-03	1.102115169392344982e-02	9.107642428266565435e-03	6.281178345980192521e-04	7.098170602240038004e-04	7.267834784195995601e-01	1.931557538616101855e-01	4.644347566333566213e-02
6.001285599162296033e-04	9.549504654639837664e-01	6.470236455771942626e-03	8.528698676912447457e-03	7.572843056837801502e-04	1.482659873539130457e-03	1.140731721900272496e-03	5.414843821492361028e-03	1.919581013305273615e-02	1.459140987747211326e-03
2.530628021085397361e-03	2.906040799152123308e-03	9.438829280639300379e-01	1.464502227757495494e-02	9.792839236692910728e-04	1.599983256921988809e-03	6.748381518471700813e-03	2.481940179190744895e-03	2.277492715118147396e-02	1.450864808822239930e-03
1.376851756818750798e-03	1.258296648040456477e-03	1.928737670411070654e-03	1.203161785249209081e-01	2.358637165178158468e-01	1.105484233660562199e-01	9.362129558839911696e-04	4.748047502690214139e-02	1.094693052632146786e-02	4.693441770068290109e-01
7.232409753247684252e-04	5.792019162813644758e-04	1.301184198833867057e-03	3.607417688084039176e-01	1.123289751197972504e-03	1.857825408893510428e-03	5.033029505793405701e-04	1.112230984849896590e-03	6.294836987645079374e-01	2.574256241127488229e-03
1.230326580924982500e-03	2.739627213176369907e-03	4.737500913078012896e-03	9.615107252806396818e-03	1.548633817185380126e-03	8.400356560884457424e-02	2.299188536560000610e-03	2.002795773271779864e-03	8.895125162053484358e-01	2.310738098804052294e-03
1.819273797208463951e-04	1.578232847661324917e-04	5.169325838441095637e-04	7.981553752668087750e-04	9.883702668751437326e-01	2.655276005768119631e-04	2.132734095071097432e-04	8.100672478489190495e-04	6.798723975055653412e-04	8.006153845819969847e-03
1.298805290663769844e-03	8.458634466524291851e-01	5.970810554893007417e-03	1.122217953346270509e-02	4.543869185534100963e-03	1.105500156813136597e-01	6.264723606984213579e-03	5.206323998750344260e-03	5.875199214137308799e-03	3.204626281831683774e-03
5.744952309742588220e-02	3.275039227244451109e-03	2.665500699030297627e-01	1.343855713518108015e-02	1.932420873645557258e-02	2.255520275250640777e-02	5.716059616332234139e-01	5.155747146673297227e-03	2.116916277291954959e-02	1.947652759534062097e-02
2.047678268172299838e-04	9.876751748996130953e-01	2.004514881384319037e-03	1.947694145964283877e-03	3.091287824098815518e-04	2.933613543316344451e-03	2.254868261727883006e-03	4.501636047511274911e-04	1.721156667900133582e-03	4.989173861156965791e-04
2.262260507746382903e-04	9.901617792716410626e-01	6.744834583771417173e-04	1.935458429295324910e-03	1.937734809460170968e-03	9.209188287982164253e-04	2.934570385181116663e-04	8.026299727202180828e-04	2.357698049366046926e-03	6.896140910493007634e-04
1.152911925480386209e-04	2.164548635865112813e-03	9.928952609190978551e-01	7.117081559317379232e-04	1.798180074506371313e-04	7.052046878154734875e-04	1.565860616774006082e-03	2.857779897494418264e-04	1.052383106517076243e-03	3.241466882502553270e-04
3.961816334261892203e-04	9.747209298920047615e-01	2.205092991566534686e-03	2.415313804062910099e-03	3.910294071472378394e-04	9.335150255301446175e-04	4.887068526084542737e-03	1.102895793060628543e-02	2.187365927474100268e-03	8.345448620973517284e-04
4.079214271417149287e-05	9.976050282217014953e-01	8.905240696475028939e-04	3.601484805619956553e-04	1.674497211315365539e-04	1.049694035978368907e-04	1.735906355886174864e-04	1.130802869314086813e-04	4.385962819381794271e-04	1.058207561875002038e-04
6.549078467502700458e-03	1.379151272448487554e-04	5.916842446481551231e-04	3.278471010520643742e-04	4.457983823747473876e-04	3.721793604496079211e-03	9.868491531173116948e-01	1.557756750926990875e-04	4.581317904305765910e-04	7.628224898461268997e-04
1.442738149199961463e-03	4.486665996153767363e-04	1.377449190294870564e-03	1.789740541931625697e-02	8.172939110649906714e-04	9.531056709841251307e-02	6.922373678158104220e-04	7.119199010217401678e-04	8.806301871263513270e-01	6.715352369071095036e-04
1.545184915896858691e-04	9.900073401480463664e-01	3.674670321089553056e-03	1.436832588836199284e-03	1.553395423795129147e-03	3.451963692718044660e-04	8.620013195514604227e-04	3.197718434525485798e-04	1.311522188756828388e-03	3.347513056106396533e-04
2.153944306731523078e-03	8.496308936729421077e-05	2.813081024690700701e-03	1.416344926817357877e-04	6.051095628048987641e-04	1.154715645681072579e-03	9.922290503070680945e-01	1.036607016429890913e-04	3.052657563176409874e-04	4.085751130142237361e-04
6.500393443751734124e-05	9.972387730065455091e-01	6.741526344058143593e-04	5.952802086557575003e-04	8.268992578358677539e-05	2.301242896008863297e-04	4.858679817942551226e-04	2.016533104311699347e-04	2.631546691162049158e-04	1.633000392292593657e-04
4.884268004669417400e-03	4.825061860666950316e-03	3.249542857059189993e-02	4.849734084503591613e-02	4.836153650295241420e-03	8.007377544885196929e-01	8.465187986588762828e-03	2.444619915358895324e-03	8.734359684341463925e-02	5.470587834858664684e-03
1.138792186585026178e-01	4.536582634951175780e-03	4.676838518139360135e-01	9.373242612587630307e-02	2.207390439898876747e-02	7.875177931256255315e-02	2.453618086320928995e-02	5.477302397557246537e-03	1.726339144412941673e-01	1.669483935312187500e-02
7.103892304628987506e-03	1.393413656441711294e-04	9.428774663120324806e-02	4.485343116478424054e-04	1.051394407960311783e-03	7.749232383053043707e-04	8.905792961063422331e-01	2.261880418464630319e-04	2.882424547273098117e-03	2.506259045148281212e-03
5.535306094957557262e-04	2.158153670245066373e-03	6.807977407923974759e-03	4.891188021119059499e-04	9.587903750307713580e-01	5.730667513625015835e-03	1.171386810298739173e-02	2.885404189281432809e-03	1.137025240827181823e-03	9.733879432730983827e-03
2.869747448030881350e-04	5.698182012548068040e-03	9.699897476830722232e-01	2.279125765039081899e-03	2.392636094822525117e-04	3.244797735421828038e-04	4.380024013820224202e-03	1.471193876768953643e-03	1.492235747632178824e-02	4.086510446021985633e-04
4.612284327732970126e-04	1.124000841220403881e-03	1.236514784166203688e-02	4.590918776147881464e-04	3.907854128407636622e-03	2.394658586080962003e-03	9.773173947986686372e-01	3.897310356376328588e-04	6.626687565562916190e-04	9.182237013783965717e-04
8.228214182578109286e-04	5.783332967582799009e-03	1.235495921798949754e-03	3.749603894845843222e-02	1.928703865361573039e-02	2.413478717594827808e-02	9.209210537048531740e-04	5.272484422858643091e-03	3.888561859412016652e-02	8.661614608436543072e-01
3.665213421174299928e-03	9.756903566127081992e-04	1.241285992291172582e-03	5.340662289620795589e-03	1.953409527236838264e-02	2.861548222931107124e-02	8.989266774511104870e-04	1.976573436711743237e-01	2.881434475361432501e-03	7.391898656146347335e-01
4.366585528018849215e-04	3.482237016259349125e-04	7.894365195303402333e-03	7.380575202256228588e-04	9.049194663754503987e-01	8.369750676703797184e-04	1.288251513269015203e-03	1.005389460112773165e-02	1.439750455831518856e-03	7.204435701669424652e-02
3.038798984310566321e-03	1.031242227945492916e-03	1.807874043783205473e-03	3.859668723856167841e-03	1.820765738036417281e-02	2.710265658593449811e-02	9.089826651230491043e-04	2.935594105213449202e-03	9.128396094340461217e-03	9.319791291891289520e-01
8.178774418650539349e-03	9.771343223908139641e-02	2.102343519966142632e-02	1.324360924121566196e-01	1.603489440885468367e-02	4.855303417516573100e-02	1.813752638467448774e-01	6.572757618662480004e-03	4.782998574075768561e-01	9.812458273445340620e-03
2.947058788852946476e-02	1.038033631676169759e-03	1.839361219735940241e-03	7.495694390764621184e-01	2.255131831359074527e-03	5.182782695578608267e-02	2.427890427111662267e-03	1.788597333774207768e-03	4.327138808450665952e-02	1.165117435510586441e-01
8.773549307710817174e-03	3.911694783851477064e-04	9.083641470127204465e-03	1.211876282055987259e-03	2.612707280915822772e-02	9.172643508521604455e-03	9.395784982332355817e-01	1.190660517812306774e-03	1.285816655618781008e-03	3.185071737374317244e-03
2.154402626691794952e-03	6.983447182994534375e-01	1.941951337043417922e-02	1.195458224716438311e-01	1.095013838773122895e-02	5.502886682592196543e-02	3.112371433483774805e-02	1.137063835608863489e-02	4.749083797124241391e-02	4.571347355954888739e-03
1.653563267854772038e-03	2.783769812144984792e-04	3.321164092640460229e-04	1.866569668524280939e-02	6.129299625709471160e-04	9.695455512615881455e-01	2.529278495671062935e-04	2.690211122302272662e-04	7.337567411267720101e-03	1.052249059199933693e-03
9.389110213324624032e-01	4.726191813227339231e-04	5.688124720958105847e-03	4.351813522551182395e-03	4.658247113006569831e-04	2.225983637240998639e-03	1.688915354815940118e-03	5.671105152589188750e-04	4.297172883178867336e-02	2.656858192300654356e-03
1.248219302088069251e-03	1.495889492633416511e-03	1.204585871343372833e-02	1.475579047877296178e-02	1.782699582517707423e-02	3.253790633296575665e-03	2.172138065855545950e-03	8.020414766789081898e-03	8.847259644685256941e-01	5.445493825342774541e-02
3.844734740970168728e-03	4.039753850499596122e-01	4.103812129919759064e-03	3.896471700989373455e-02	7.122764665899447567e-02	8.201811053584973088e-02	9.145617817653021661e-03	9.227518404193986098e-03	2.247469169837207348e-02	3.550177659541934316e-01
6.549078467502700458e-03	1.379151272448487554e-04	5.916842446481551231e-04	3.278471010520643742e-04	4.457983823747473876e-04	3.721793604496079211e-03	9.868491531173116948e-01	1.557756750926990875e-04	4.581317904305765910e-04	7.628224898461268997e-04
3.412638716786551944e-03	1.449006381619882475e-03	3.099254634243547163e-02	8.440494630536695547e-03	2.377197837122898005e-01	1.849500698316746891e-02	6.415079162581099892e-01	1.171105664159354312e-02	1.114358450950885850e-02	3.512796582395179973e-02
3.515973725618089739e-04	2.895055522795010085e-04	3.804220463542116451e-04	2.486845468367650767e-03	7.496868705074227150e-04	2.402609378380614758e-04	1.752093282580794462e-04	9.917447807264416770e-01	2.528379171345677859e-04	3.328853780257090382e-03
2.080248742393580458e-03	5.871400516413921751e-03	1.851254798537871771e-03	6.712787990183585740e-03	4.470524458027448633e-02	1.580356374745119086e-02	8.868076935840193010e-04	4.163694128163295677e-02	5.708363173275698629e-03	8.747433874762525763e-01
3.174623682845108263e-02	3.782977272322115680e-03	1.256890398371471491e-02	1.842828526126319144e-01	2.203393022751063204e-02	1.157639140130670326e-02	1.674019826990465155e-03	1.802938399400468364e-02	6.246284158097724637e-01	8.967688804329534968e-02
2.992419436333861472e-03	1.460922524120587341e-03	2.288861306612497565e-02	3.765594953233428535e-03	6.665464329785655284e-01	5.830439684367033290e-03	2.862250659224252827e-02	1.299448350549923213e-02	8.208389931868577058e-03	2.466901973276442728e-01
6.024512403211693731e-05	9.923156047295657034e-01	1.317525941476972934e-03	3.809486207852276246e-04	1.051927230899226876e-04	1.664261839501838917e-03	3.683497283225250964e-03	1.182571418108574934e-04	2.501013792588300394e-04	1.043652172535292750e-04
6.023407704850828465e-03	3.908342983019687982e-04	1.956665672290239764e-03	6.062720592129778761e-04	9.403183046994547656e-01	1.187045630156540778e-02	9.092568757525867212e-03	2.017427783341975076e-02	2.359607136575413416e-03	7.207605536802798134e-03
6.324879915040782993e-03	5.919761118244696446e-02	1.123204488804807784e-02	5.150628319862552568e-02	5.404133262633727466e-03	6.647952704625980092e-01	1.397868908335316365e-02	1.204357016065392937e-02	1.465823088057537082e-01	2.893520904084613196e-02
1.122599314247366142e-03	8.215801215254040293e-04	5.000343817329633636e-03	3.309418776362281923e-03	4.576191859525305383e-01	4.359801161644488547e-03	1.156576810552329554e-03	2.395496758934894093e-03	8.630706875215436724e-03	5.155842904116575420e-01
9.604067301527045939e-04	2.142534845053185931e-04	9.212212312493248730e-04	9.864486313120209848e-01	2.867115238278992290e-04	6.240221964681006740e-03	2.862475954312586053e-04	3.257635149635429634e-04	1.005119902804799516e-03	3.311422740363342745e-03
1.461309173224301702e-03	1.779003333932264791e-04	3.329854541041192464e-03	4.634571171429604976e-04	1.668348026973645809e-03	5.903101724931875821e-03	9.853750291672376260e-01	2.353221664139038645e-04	7.046199177617061202e-04	6.810578318797457474e-04
9.920384540673631291e-01	2.917200158321152197e-04	3.136854730470915644e-03	7.344038362172820595e-04	7.893220033455285688e-05	5.493766963028462935e-04	8.179584008416179318e-05	1.352321978362706629e-04	2.269085941894116200e-03	6.841444736645356820e-04
2.017696340723622306e-03	8.116610985597598341e-04	2.290474115855948341e-03	3.093360287552682046e-03	2.914187356998733103e-01	4.109472121716827887e-03	8.125975230448796239e-04	6.002270604934680127e-03	3.261604290262512355e-03	6.861821279174757926e-01
