9.804883276257556624e-01	1.663234737011313124e-04	4.315527249268354972e-04	1.018710034485657140e-02	2.095747464666931903e-03	4.193362458143594200e-03	1.275374850105121189e-03	4.105374647519676942e-04	3.248854608900686946e-04	4.267881322022333123e-04
9.931966531810642040e-01	9.781808685995372287e-05	5.201106068629719357e-04	1.897156755683882760e-03	7.384766645727578631e-05	3.369947777541713180e-03	2.097806435335515486e-04	1.005265540190582700e-04	3.889474189048741691e-04	1.452113090723517125e-04
2.150731701402149587e-01	7.158100105777835415e-04	7.246447904316169301e-03	2.789139234527866686e-03	6.294771206238568562e-01	1.304665840207076821e-02	1.081151419494668919e-01	6.841310204836133918e-03	3.060986270603533854e-03	1.363421525952899713e-02
2.336716877202581373e-03	9.406694105576006004e-04	4.881783689732730781e-03	3.572341129951568314e-03	3.991483850114970269e-03	1.597863540092850799e-03	1.090488259592044826e-03	1.099233898051390221e-03	9.491208238955268772e-01	3.136859544917727088e-02
8.930918150051637278e-03	9.478721458861955875e-04	3.001567898640574838e-03	1.182457298163573124e-02	4.190901834645736554e-03	4.101794787141249676e-02	3.094091703240259197e-03	8.637412417688412848e-04	9.240506227413554097e-01	2.077763431363037570e-03
2.195549687661070212e-02	5.524640173383895281e-04	6.860925206270699012e-04	5.484627040327367913e-03	4.461191957568937973e-04	9.057377415435097223e-01	2.641368135418783233e-03	4.472631992212979229e-04	6.154153171002726269e-02	5.072957611625747562e-04
6.540936078585158145e-04	3.589191424343699866e-04	2.171643900214504513e-03	8.065921094096645608e-04	9.742976880927919359e-01	9.838057342495170124e-04	1.142538796911260089e-03	1.134805979873369959e-03	8.677882533366456947e-04	1.758212438292051233e-02
5.008915471652760319e-04	6.498968212264823923e-04	4.761424952470482905e-03	1.529791690234974392e-03	1.970891795069771094e-03	7.874593238600761371e-04	3.972228332371278135e-04	2.993872408018350730e-03	9.843982200752766643e-01	2.010328553440615413e-03
3.417420288039894893e-04	9.379982548487888550e-05	2.035779049277033068e-04	3.666745222651451863e-04	1.409399336240332434e-03	4.228401688762885606e-04	8.204916876506233620e-05	9.892128940727124009e-01	1.685055729461649044e-04	7.698517398978112040e-03
9.008095908934123531e-04	1.176754229525453022e-03	1.295773813715572417e-03	8.944329544498321738e-01	2.477992700801333673e-03	6.835666438991341853e-02	7.680793957176779672e-03	9.822799749438387330e-04	1.989792769869306796e-02	2.798049194504984537e-03
4.631048355378170923e-03	4.214635578916467278e-03	1.597428604187751174e-03	1.165312646346842659e-02	3.284418545761531340e-03	8.840103948580954052e-01	1.452827784502311054e-03	2.922984070549915301e-03	7.347665981267965940e-02	1.275647592646053652e-02
3.339959595332610775e-04	5.533652812259150580e-04	1.389721758068710247e-03	3.771805041359537793e-03	9.121675470768840777e-01	8.125320131941752774e-04	4.498204070541234533e-04	4.271779636578733157e-03	1.688936787780574971e-03	7.456049603832089201e-02
1.423463321226660317e-03	7.777573783967949234e-04	1.453423959355364808e-03	1.522920616838945246e-03	1.111595356647106791e-01	1.262741913685750056e-03	1.607250446181965678e-03	4.075551695773653275e-03	5.314490816384889217e-03	8.714028641874452807e-01
1.972785903907142615e-03	3.519606248695848847e-03	9.427741729733378762e-01	1.570734088917794327e-02	1.084175418292617930e-03	1.728685875878040222e-03	9.409274489656840055e-04	5.415509986613949167e-03	2.477165264517128263e-02	2.085142609959721519e-03
8.651111889921472408e-04	1.965321798010184967e-04	5.019676547861012458e-03	6.003727042908769788e-04	2.822965664712371280e-04	4.066809557506689474e-03	9.871017025226674901e-01	2.231929232866391598e-04	1.276642263502158819e-03	3.676635456209669797e-04
2.038691118916102253e-03	3.720728209361067840e-04	1.151794082008709627e-02	9.587761369555252051e-04	4.129953265535906207e-03	5.742235574318433136e-04	9.666125009213105690e-01	4.059352384620511667e-04	7.152533823230855861e-03	6.237372297134021956e-03
9.761930055986273169e-01	1.135227019503893230e-04	1.435142993368870162e-03	6.097262931302153011e-04	6.847600568828908366e-04	7.474244899821721154e-03	1.227724717074978197e-04	3.948198119025654444e-04	1.716553272451739557e-03	1.125545190015666067e-02
7.096213159891859822e-03	1.067381504851589065e-02	5.838823009610426100e-03	5.226216395469136522e-01	5.693610338999859424e-03	3.945787288083507094e-01	7.438885700977305830e-03	5.990323280645555061e-03	1.575797169533514619e-02	2.430998941075952074e-02
9.576507530690268055e-01	2.052482752348288220e-04	8.239917742965466307e-04	1.124145613829014966e-03	3.187544054315316405e-04	3.723593668869832479e-02	5.167194942167138965e-04	8.386554088808724104e-04	2.790809290095798943e-04	1.006714341375732936e-03
5.374983767473060503e-01	4.027336926723416172e-03	1.637959384664361417e-02	9.219727810448356820e-02	4.794150508146539230e-03	3.084059080052677926e-01	1.128067032471927710e-02	4.311335765269043788e-03	1.002449854149274795e-02	1.108085122994792449e-02
8.869941948543421870e-04	1.393903831166192181e-04	9.953120830629950122e-01	5.462400935774981009e-04	3.014334000461720096e-04	1.164165372167595534e-04	1.983398811720169311e-03	1.104237186998459434e-04	3.405136460038709180e-04	2.631061517698096491e-04
1.579654243258022880e-03	2.570764030289157155e-03	1.372521958436644443e-02	3.313722567567451566e-02	1.358753616820389948e-02	5.356829038245678777e-03	2.108738839865494617e-03	8.930205729391266223e-01	5.502765218206704181e-03	2.941069426276338855e-02
5.069579575283111351e-04	8.610453177299827177e-01	9.723863998093741634e-02	4.688158510941483996e-03	2.552053091067317623e-03	1.335574189627112586e-03	2.178485485402348928e-03	2.261905013772675874e-02	6.996955905553733576e-03	8.388070112325947229e-04
8.099597968075944758e-04	4.775262893239484068e-04	7.655700477024456486e-04	1.310078999968827037e-03	7.757825357565524375e-04	8.149004963766343698e-04	2.846185915403122760e-04	9.819220197093422309e-01	6.089422796644971929e-04	1.223060125351699105e-02
9.539354129907531288e-01	1.917906477517825287e-04	5.820786039264626375e-04	2.444603511534657134e-03	4.256769601762210248e-04	2.285620625000210973e-02	4.799842707782426329e-04	2.217494793993849973e-04	1.755209062521352961e-02	1.310406660464598664e-03
1.740436261037886165e-02	6.254492607983934416e-03	4.984340071852366022e-02	1.984187698364546226e-01	7.039405436797615753e-03	1.081233908219019768e-01	2.574829691233839965e-02	3.187581071419090788e-03	5.441371121903167962e-01	3.984318779388505011e-02
2.019191819313467535e-04	9.941042305182709038e-01	8.605013155655097650e-04	1.178761979135491394e-03	2.300019841850556052e-04	9.913788235458350501e-04	1.200014381927241034e-03	2.766394635301118823e-04	5.688717092433072950e-04	3.876806426653976257e-04
1.724830504995151278e-04	9.968551540536952915e-01	2.466457618002641274e-04	7.294386391415784258e-04	1.475026773516671988e-04	6.420734004634719031e-04	4.807838270310952808e-04	1.421980062769613010e-04	2.288781610902239643e-04	3.548424226494103855e-04
7.126784233056935453e-03	7.455071869348063552e-04	4.574763126195526171e-03	9.764710622273201635e-01	5.982744231262735867e-04	3.577826054874159133e-03	5.190672019923838745e-04	7.000487507182528513e-04	4.817180845228745401e-03	8.694859505528338469e-04
1.321828420264411531e-03	3.652835249368474764e-03	8.946519414830744407e-03	2.735392554999765621e-02	4.206892548456101499e-01	1.355494389497353958e-02	5.365014566195041787e-03	1.623460271439884986e-02	4.251850867036419124e-02	4.603625666739968314e-01
5.932473069847573645e-04	4.684505879832232835e-04	9.702913166992802596e-01	1.879829919734651248e-03	4.962931886151174211e-04	8.935998350312522815e-04	9.300703120809689951e-04	6.210164234107355685e-04	2.332606080065495122e-02	5.001149262239058032e-04
2.775439934741893576e-04	2.501192698037228018e-04	2.955364210544933522e-04	5.671613252498752637e-04	9.904260167299773210e-01	3.314274607481578578e-04	2.095036748267557986e-04	7.782280410048386882e-04	1.036178693572523428e-03	5.828284390288388829e-03
5.159653253991034610e-02	1.386586107142128918e-03	3.190668762123874663e-03	4.437069570421964086e-03	1.909848961120255446e-03	9.124234041391352523e-01	1.501776655546913216e-03	2.159124510002411942e-03	1.554466167476724336e-02	5.850327079829730284e-03
9.176903728105100877e-04	5.292422715847691856e-04	1.283171460519977455e-03	1.247768882642767262e-03	9.648080837937756948e-01	1.058782574693019167e-03	1.178048906598076241e-03	2.471771624823153064e-03	1.593599276735958165e-03	2.491184083581610142e-02
3.505566342121886701e-03	2.020838554116342715e-03	3.932236175075307094e-02	5.089818771855472192e-03	3.880400084324350796e-01	1.600889798624796634e-02	9.270937840122564499e-02	2.205316782104239232e-02	3.502518012773967598e-02	3.962247818124624565e-01
7.403929795633549453e-05	9.965939327376420742e-01	4.840261980000517693e-04	3.801527378136879956e-04	2.210661018082326484e-04	8.891653760199314752e-04	3.810096041635924972e-04	4.774634750569678497e-04	2.961061846785423973e-04	2.030382868602860979e-04
9.959957032161240731e-01	8.877398540522651806e-05	3.397478330627707829e-04	9.217301981457077403e-05	5.438929425512799889e-05	1.001198077827168990e-03	1.485828587374754322e-03	4.345650689747771269e-05	8.293719099003694310e-04	6.935756933811520683e-05
1.972785903907142615e-03	3.519606248695848847e-03	9.427741729733378762e-01	1.570734088917794327e-02	1.084175418292617930e-03	1.728685875878040222e-03	9.409274489656840055e-04	5.415509986613949167e-03	2.477165264517128263e-02	2.085142609959721519e-03
1.432670893391683152e-03	4.996982728120199189e-03	4.179148557790775959e-03	7.579225372959980112e-01	1.601022687711778922e-03	2.154042143549258492e-01	3.507413707183586020e-03	2.143841997522319149e-03	6.509962190275133537e-03	2.302205587080576737e-03
2.393261881091156512e-04	9.877218052183232011e-01	7.071376697066286297e-04	1.093194728841282706e-03	3.802355139962746680e-04	3.106775702561025403e-03	4.732927388467329972e-03	4.863359597565769586e-04	6.354753904848483778e-04	8.967862397538880776e-04
5.092766487879104437e-02	1.657048433534541541e-03	1.142829145128733750e-02	9.086365064232129057e-03	5.830029161932506927e-03	6.201353674297167308e-03	1.643160415228757908e-03	1.724902783504906299e-03	8.990168983067327035e-01	1.248428583045872731e-02
2.716716051979217381e-02	8.396777973656972772e-04	7.020903679407474070e-03	1.629364627839490279e-02	1.327380882630986927e-03	1.417742292302796303e-01	7.993722752678700250e-01	8.323336928928857419e-04	3.926599438658212420e-03	1.445793212708020373e-03
8.563808016332393747e-01	1.071770284009874530e-03	6.279259384708333475e-03	2.019164436506358171e-02	8.409760401129682053e-03	5.080444230226577318e-02	2.756045750964533116e-03	1.644199760961554237e-03	4.282797846563095312e-02	9.634097652026316072e-03
7.755588290748951933e-04	2.240111143123738643e-04	2.857995811635188638e-03	9.917572195414986469e-01	4.775394941161739985e-04	1.193281429907636646e-03	3.361010373734111146e-04	2.651128093826655638e-04	1.808146567327729775e-03	3.050333653708911128e-04
9.959957032161240731e-01	8.877398540522651806e-05	3.397478330627707829e-04	9.217301981457077403e-05	5.438929425512799889e-05	1.001198077827168990e-03	1.485828587374754322e-03	4.345650689747771269e-05	8.293719099003694310e-04	6.935756933811520683e-05
1.713527708749790690e-03	8.231659040304128636e-03	1.652241854593922837e-02	9.126937714579923533e-01	7.807698065503187795e-04	4.957016540101492896e-02	2.550894933625547263e-03	2.287042057902183029e-03	2.297004865994330125e-03	3.352746181927446830e-03
1.237290617246903229e-01	5.029552868639308554e-04	5.976435543082169594e-02	4.780497148801961401e-04	3.010358513397079494e-03	1.490300849313978262e-03	7.920798648512668017e-01	2.912123478058783934e-04	9.015592393543407287e-04	1.775228204160577555e-02
7.081915788542701012e-03	5.814332638850432805e-03	5.084634759730053410e-01	2.189960753486894784e-01	2.053397717073143260e-03	2.245141497692246767e-03	1.490915760233661172e-03	1.009926822917063538e-02	2.399941718215253816e-01	3.761305225217002543e-03
7.305352418210000033e-04	4.095944917696904487e-04	2.438357831568468970e-03	6.637516026038004857e-04	8.050443562501820305e-03	5.326761409553776262e-04	9.767567468276329157e-01	1.449404256469840864e-03	6.828137857028249548e-04	8.285676258974375430e-03
4.060920929997692227e-04	6.078316078991798620e-04	1.033604345988242213e-03	2.533034654420951003e-03	9.147738932077097429e-01	3.647543068707272129e-03	3.066951851873021286e-04	2.328089310610698386e-03	3.965543338689891430e-03	7.039767318778687721e-02
1.412771168936414069e-03	1.221343704418558591e-03	1.282196584080322723e-03	1.697185768289983642e-03	1.254344243721307595e-01	2.804175551726305598e-03	7.366122928959105290e-04	6.092372141991819756e-03	6.524233622220915359e-03	8.527946847933089991e-01
4.425692954769301114e-03	4.973817455403198827e-04	7.633674214147607648e-03	1.793225006423200150e-03	4.833884392906175748e-02	1.014643973911571323e-02	8.981167731103162355e-01	6.838459515507294695e-04	1.434498850022630778e-02	1.401913484884890690e-02
2.711314393645422832e-04	1.244161018867736993e-04	3.361853097302859280e-04	4.380386343442942924e-04	2.647306685719819780e-04	1.733474683156809048e-04	7.913828891718044975e-05	9.915205189076277126e-01	1.021708010558720859e-04	6.690322380185387795e-03
1.980763029433749677e-03	1.896907510231754610e-03	3.306736333992013610e-02	9.196414811091632724e-02	2.390730931699512618e-02	1.536883475138626966e-03	3.780186452742812474e-03	5.572843061660076418e-03	8.183640371223849241e-01	1.792955858057642543e-02
1.062255421978946157e-03	1.776648910782019928e-03	8.327664588289618308e-01	2.670470074777387716e-03	7.948497989865801637e-04	3.163781353601412966e-03	1.440327352138461858e-01	8.567490259673465544e-03	4.017719333587859917e-03	1.147590803804172293e-03
3.257094060416477143e-04	1.186269209954288759e-03	1.812353530639869339e-03	1.959272609319980332e-02	1.684204352502929750e-03	9.146756287924188425e-04	3.774757489013218703e-04	9.554890754054692348e-01	2.356409959262114034e-03	1.626110066523654002e-02
1.761049611377115591e-03	8.658906807939433740e-04	2.651267446393305253e-03	1.416883915675428351e-03	7.744011403443860431e-04	1.653643774920505365e-03	1.002905822573889327e-03	7.590555406864056033e-04	9.871388837480049583e-01	1.976018319230013909e-03
1.536052378830753704e-04	9.948866253161332551e-01	8.004699290823619846e-04	9.281751572831096553e-04	2.152936794983223282e-04	8.702201595541263126e-04	8.268112250995924986e-04	4.008338570241527787e-04	4.953926849196687134e-04	4.225727535224678573e-04
1.576326683914632898e-03	1.762674874493676573e-03	3.215720860347606128e-03	2.890343666149960966e-01	3.719726600596578135e-03	6.635851223722782910e-02	9.256353023203559884e-04	1.264179123462700303e-02	6.127601831797548915e-01	8.005062411721396848e-03
1.039110370084859016e-03	2.396057992352837538e-03	1.561799848213955670e-03	9.224959265040045056e-03	4.200907441447158941e-02	6.418192525418763006e-02	1.254460367174425623e-03	1.399772175340964660e-02	3.981344295647511883e-02	8.245214477785898222e-01
2.725449655833068314e-04	1.106540280076676654e-04	3.543535051476844056e-03	8.565878516781579195e-04	7.211794798304135357e-04	1.319962195911310060e-04	1.187941763431319249e-04	9.934160563347718131e-01	1.123085400526466958e-04	7.163433526648415933e-04
9.519829270361311623e-05	2.125551278601512187e-04	7.704634800714177173e-04	4.508769464460083819e-04	4.003747812874730843e-04	2.633982103522983253e-04	8.707580514503560608e-05	9.957053901732146883e-01	1.593859393473401255e-04	1.855281243571924640e-03
4.563067285572516558e-04	4.801607096762586604e-04	5.745298630069677016e-04	9.766057577985244320e-01	5.254692403348079155e-04	1.140781133334085092e-03	2.524355378075119217e-04	4.181054596631293327e-04	1.630187968513323316e-02	3.244573843962236630e-03
1.352092740150889760e-01	5.393341667674160164e-03	4.828569174497612110e-02	5.743573545209197384e-01	9.348034655615251182e-03	7.448615287820395392e-02	4.907273933277759952e-03	1.164759820173737713e-02	2.451414483092599281e-02	1.118511335515806338e-01
5.283004441393906667e-03	9.153718648989376053e-03	1.902835783284309882e-03	7.824674690840002222e-01	1.496327600738280895e-02	8.611162821700273085e-02	2.913512618696249227e-03	8.017651164507691094e-03	6.427607437922977507e-02	2.491082965551266390e-02
5.935455731502496668e-03	6.373977439468880846e-02	1.243242795066368776e-02	7.089528798320727798e-01	5.955430015329242488e-03	6.023935709467241606e-02	7.430909982601664396e-03	8.612534782439682304e-03	1.100755571934770166e-01	1.662567302255233553e-02
3.633461020942169595e-03	1.785043016342665765e-03	1.265356097278141044e-02	6.148773260490241963e-03	2.965566836342712342e-01	4.137320887331311613e-03	3.501521163060235513e-03	2.247427657963626049e-02	8.098231101736654697e-03	6.410111283634079005e-01
8.717479496891030744e-01	2.091192315110511867e-03	7.951959210543316919e-03	5.757178253800127564e-03	1.344883169146868446e-03	6.306441006463618659e-02	4.182633450269303277e-02	9.041124307065660001e-04	3.754735389945766146e-03	1.557244974314396686e-03
1.533542258006851062e-03	2.630533334775873584e-04	4.382298712460108237e-04	9.890245249686656637e-01	3.435342030096902701e-04	5.052102278603326328e-03	5.202780043645996054e-04	2.893079811921996872e-04	1.911573300703885798e-03	6.238538007300267231e-04
1.002070683775309573e-04	9.968427770923058429e-01	4.816027031079284071e-04	5.512022814388054057e-04	1.556412569947384879e-04	2.924149805701218002e-04	8.984277114534204101e-04	1.338272707454313823e-04	2.605431001924114038e-04	2.833565348137250602e-04
2.436381074173283017e-03	2.191179128112377662e-04	2.881463584496820208e-04	8.863223981831722413e-04	2.975489659289915411e-04	9.848089051514107295e-01	8.566499711820807364e-04	1.689398130659025858e-04	9.485498558711932815e-03	5.524897960832861809e-04
9.869535858961467518e-04	8.516803515285568645e-04	1.258739610123166004e-03	9.775713691930972837e-01	6.149405546288985985e-04	1.144411816986180656e-02	6.180343462616178472e-04	6.687139727886217159e-04	3.992185652446765542e-03	1.993264563367365145e-03
2.231920310911920859e-03	7.155145978671495488e-01	7.940517783420078524e-02	1.187007761984500837e-02	8.054915328764221741e-03	3.691162120979652080e-03	1.332052938502856047e-02	1.534135811715545694e-01	7.855982836789550047e-03	4.642055524776342139e-03
7.862573338618080929e-03	1.086033351143973627e-03	9.035521381156812470e-01	2.224454480498586073e-03	2.176915030749693777e-03	8.571495704741418156e-03	6.363415603113491137e-02	7.121402348073402333e-04	6.898632608480064973e-03	3.281461104144491048e-03
9.935758888981959490e-04	9.659612081820696903e-05	9.961832620605790556e-01	1.589901423075033404e-04	1.480946035364862317e-04	1.042297920521319379e-04	1.153887827374377919e-03	6.630950560661226035e-05	9.240960374242606409e-04	1.709580214031217594e-04
2.329931650543157033e-03	4.007480307323933342e-04	1.117931749037375704e-03	6.371717953941783254e-04	1.185807511864238805e-03	2.054697985876643204e-03	9.873903512177893971e-01	2.838147580690339412e-04	3.340099324037462247e-03	1.259445976656227775e-03
7.853356851901997868e-04	2.043289016363293315e-04	9.881482392177729501e-01	6.430338026518682502e-04	5.052835368126656207e-03	5.456538331546782793e-04	1.307560871668590535e-03	5.898450337077681049e-04	1.138679840864057933e-03	1.584487445226951969e-03
9.798477674348208266e-01	2.950955056272108832e-04	4.491859726048959842e-04	6.206717266664139171e-03	3.076394913091593311e-04	5.458805445759734414e-03	8.524112992400498072e-04	3.192025696254024406e-04	5.175733667740420318e-03	1.087441346608003121e-03
1.975180799210171558e-03	1.218220353932311737e-03	9.331007314756714285e-03	1.464366088864157631e-02	4.461924930321303773e-02	7.488623705128417685e-01	2.095215304877291046e-03	2.711428071149444945e-03	6.269878793164281039e-02	1.118448795197347773e-01
5.451225092620983446e-03	1.429570439641361934e-01	7.999759812500126591e-03	6.571992743227621225e-02	1.295271329679958949e-01	1.155610185483163660e-01	1.667175222027880710e-02	4.900836118104521383e-02	2.008176387424177173e-02	4.470220149065884385e-01
1.426009850819949434e-03	1.226013561653861716e-02	8.376913181311168924e-03	7.276994888510424260e-03	2.455864452439416538e-03	5.351729714420862261e-03	2.264434513216169714e-03	2.931772290850397610e-03	9.525890180350869985e-01	5.067127456805937090e-03
9.850723781188190555e-04	5.651939192316077915e-04	7.122881413094133297e-04	1.243536274746218345e-03	4.293016209718692605e-02	1.623215886447995204e-03	4.037502967701510175e-04	1.876922095074523220e-02	2.114930830227580369e-03	9.306526292252159660e-01
9.957702070554190765e-01	3.893436005178252071e-05	7.235512009639228422e-05	5.753772859898133372e-05	3.309579234905500725e-05	3.425649795511664583e-03	1.377397827980595584e-04	4.637695762081500662e-05	3.137298460488623748e-04	1.043735615054183996e-04
5.159470570622877277e-04	1.350693350524980818e-03	1.606263720832677364e-02	1.146419454907708592e-03	9.394505178934130507e-01	1.148972619608293853e-02	1.569756704034255823e-02	2.958177713678373979e-03	1.401322433896697636e-03	9.926991651764511745e-03
9.751856314834098560e-05	3.150866456950467045e-04	3.460924864348045166e-03	1.389236843849993264e-04	3.892816464163298840e-03	6.238590733290166239e-04	9.896053618563483978e-01	4.845835210449727032e-04	2.979758193513560422e-04	1.082949508186877279e-03
2.314140995390517961e-03	2.753294380467884942e-03	9.119195622956954850e-02	4.118372516825635592e-03	7.705246175360489815e-03	9.783123844730155522e-04	8.702634118317422729e-01	8.331704871218819849e-03	5.499235005282302260e-03	6.844325609669384483e-03
9.139812608428902726e-04	2.485781861048571694e-03	1.616186928139692891e-02	3.127393872403458081e-03	8.796825415872129572e-03	9.356843314140603773e-01	1.977331722413303711e-02	2.662125014614106361e-03	6.832095182138284324e-03	3.562279473490503109e-03
5.908469580270661126e-04	8.804467747031504863e-04	8.825670649213151857e-04	9.496406290095187330e-01	9.843727698797594041e-04	4.124238808596789041e-03	1.306401086380815047e-03	1.016748930197809231e-03	3.576611217720715441e-02	4.807636420567592585e-03
2.845731457410185725e-02	3.532815499044504202e-04	3.419063025362148868e-04	1.918216934865780987e-02	7.562662711571839589e-04	9.176766680549413024e-01	5.980301305070825088e-04	6.414567286853913161e-04	1.938876926223394651e-02	1.260413777727495237e-02
4.953954891777438132e-05	9.978654567619635873e-01	2.808803331667208904e-04	4.198729557072820927e-04	1.342299936021972690e-04	1.751435422871460150e-04	1.190646942512852281e-04	3.266741465306083900e-04	4.837479295041664817e-04	1.453900940691896552e-04
1.088431397492310417e-04	1.413149778636022891e-04	4.826135825072418867e-04	7.234728934160655897e-04	4.405525780616491999e-04	1.945275944641871614e-04	7.686378281747494479e-05	9.968452814677339902e-01	8.712191977010425839e-05	8.994080636166167271e-04
1.269018697721857082e-03	1.397395099502211219e-03	4.133161753831468381e-03	5.016119211723635458e-03	7.362918932217216161e-01	9.906914320185757419e-03	9.675475742785795766e-04	2.169815929783084837e-02	1.148205400873019560e-02	2.078377368144739834e-01
5.813695313776020591e-03	2.773994852127206583e-03	3.397986896670130916e-03	3.322968989833222087e-02	1.626149277548720115e-02	7.430936129761901432e-01	1.860444027305402674e-03	3.271395436984452822e-03	1.626778557836660311e-01	2.761983203946122983e-02
1.625649950670662522e-02	3.281567067047721966e-04	4.109267628122506371e-04	1.255110981178401627e-02	4.065728304046903872e-04	8.903997769794043116e-01	6.226624625149692043e-04	5.066704395467237516e-04	7.765283659094619761e-02	8.647879091755147126e-04
9.390155336566275357e-04	2.109136220844605794e-03	2.214084918932810331e-03	4.060555393072006782e-03	1.006486129274950826e-02	9.567818005883952370e-01	1.037225249873272720e-02	1.492299549904984061e-03	9.922759658977056696e-03	2.043234344734768185e-03
4.713344312489273669e-04	3.087709880594379647e-03	1.407109607536167345e-02	1.578625805966496487e-02	4.399731430387980070e-03	5.631628663534420836e-04	4.225692703440093036e-04	9.150345224883590367e-01	2.908858335813857034e-03	4.325475716187179159e-02
4.408140896928911738e-04	1.200272731678466950e-04	3.417493632929710884e-04	2.908068194291501380e-04	4.502844408186950156e-03	1.108780219778253071e-03	9.905884809666198887e-01	1.525378705942938198e-04	1.099260617413742001e-03	1.354698371823962345e-03
8.595552544600295101e-05	9.975620378867863236e-01	5.271895896330506745e-04	3.757398355562684773e-04	1.116361552306304329e-04	2.256504197204527932e-04	4.345787527210679562e-04	2.445860665474711799e-04	1.922050454779563689e-04	2.404207228809594971e-04
6.465729422626743418e-04	1.090642453387630131e-03	2.673666599850894974e-03	2.271806133991177874e-03	1.691226213760074846e-03	4.991397585541955395e-02	9.363739464814102575e-01	4.234873935906049384e-04	4.340005221181131648e-03	5.746707051460258784e-04
3.677469553971644432e-04	9.785784821141927381e-01	1.826248912760763824e-03	6.841319103280835709e-04	4.115641483298793633e-04	3.488225536933026866e-03	1.276165485560539110e-02	4.120407619022887287e-04	6.321133726839654049e-04	8.377914318662855195e-04
1.491015913382984573e-02	3.983012963246817455e-04	9.452720061331583157e-01	3.369570928251291488e-03	9.925540389340021651e-04	1.771367353691207219e-03	1.815536884867234579e-02	9.032147878931016212e-04	8.868041880866038215e-03	5.359415598379095591e-03
5.146668484148286642e-03	1.777909841218687200e-03	6.905175226959582302e-01	3.010157285710268228e-03	1.372255396561921715e-03	1.930877852510312674e-03	6.365579880205816943e-02	3.051685895591104477e-03	2.285604811946289894e-01	9.766425516140318005e-04
1.809021373100604406e-04	2.809493392155351199e-04	3.999789976016511874e-04	2.530678408995851256e-03	4.983576452415590212e-03	3.823301386467417400e-03	2.309835389318399179e-04	9.780148632182643631e-01	6.033876587446747363e-04	8.951378862052963153e-03
3.120157993892729541e-03	4.189883499019758824e-03	4.347144921198883502e-03	4.186038036006284324e-03	1.541118567888326643e-02	6.638387187241977065e-03	2.434818382411170056e-03	1.673669135358139826e-02	8.979269534064910907e-01	4.500873954127328214e-02
2.347216075155884180e-03	1.930955320668633832e-02	5.042507440302437804e-02	1.782927579205354982e-02	2.584230827679273070e-03	5.281365610221805916e-03	2.168286180070530273e-03	1.115370611248733823e-02	8.754128438916375377e-01	1.348844790098338922e-02
2.960460389668902008e-03	1.095230916700370765e-03	3.271707142538064252e-03	3.388357248471866173e-03	9.075182529416699895e-01	6.123624857224728088e-03	1.124298256837666724e-03	6.340753929580467477e-03	5.070804572889434612e-03	6.310650974441833760e-02
2.368417561233653133e-03	8.782246984325445868e-04	1.112510609326868190e-03	1.775659305651795935e-03	5.769807284955787152e-02	1.594920382100176474e-03	7.761745369753182949e-04	3.099162811650580003e-03	4.595676504574095975e-03	9.261011807404971874e-01
1.164871653919198353e-03	5.405531001508112089e-03	2.341936932630767423e-02	2.604970908235311900e-03	5.341084081611946477e-01	1.876523043115601794e-02	4.540323697288601440e-02	3.458201373036946975e-03	2.832700817933165444e-02	3.373431719924243066e-01
2.711314393645422832e-04	1.244161018867736993e-04	3.361853097302859280e-04	4.380386343442942924e-04	2.647306685719819780e-04	1.733474683156809048e-04	7.913828891718044975e-05	9.915205189076277126e-01	1.021708010558720859e-04	6.690322380185387795e-03
8.476812273635949422e-04	4.335021327956826293e-03	1.221647234291498192e-02	6.780781486865655912e-03	9.384541353080661646e-03	8.316521649944854126e-04	1.006799597065919987e-03	6.285973614036504120e-01	2.718136354557680878e-01	6.418605364033927452e-02
8.252283143136717770e-04	9.435115461778698087e-01	6.873105148865675008e-03	5.584938256288439484e-03	9.314965221813088000e-04	1.303559151637935856e-03	1.834563675663262528e-03	7.640110940438068869e-03	2.908148483894378369e-02	2.413966973798107284e-03
4.952906763308047820e-03	3.244100866858649727e-03	9.537213996142048789e-01	1.217437890136694248e-02	7.999209451027239175e-04	1.511756409840274516e-03	3.324798545066495747e-03	2.844971542457114776e-03	1.563572682097459296e-02	1.790039590820830190e-03
1.153339029717565835e-03	1.355252882315939860e-03	1.789055683156393550e-03	1.150142645595520624e-01	3.700862829165953993e-01	5.545528585706346186e-02	9.635783652574704105e-04	3.525323676206677803e-02	1.027432222004990951e-02	4.086553817242249420e-01
6.131187599692086102e-04	7.155138593669679728e-04	1.478401762740911944e-03	4.833660711500025187e-01	7.030332117168897228e-04	1.759025529740854696e-03	5.949399048686793926e-04	2.828172605344301486e-03	5.058528204002308293e-01	2.088902816018859375e-03
1.576687457145240726e-03	4.231770411976667340e-03	5.154988569497002612e-03	8.393662006750408910e-03	2.382864106378401042e-03	5.698931983595813267e-02	4.642577788765435941e-03	2.172997237620021178e-03	9.114013348656581082e-01	3.053797720250521572e-03
2.145075964206770989e-04	2.064193160267142955e-04	9.580146774412739551e-04	7.549222307294461759e-04	9.892526451869979587e-01	2.153673055537927710e-04	2.254848114809539640e-04	6.387409773167063501e-04	9.443673031920609686e-04	6.589530594840339005e-03
1.586715224233708685e-03	8.548444636381692385e-01	4.607992223681025949e-03	1.257643857620107525e-02	5.321720960842360806e-03	9.858519599513328180e-02	7.597592810177869471e-03	5.885296391117723208e-03	5.959283725909339698e-03	3.035300454534210074e-03
4.197605824251188916e-02	2.524996122811643939e-03	2.348129692212599096e-01	1.350836180750202183e-02	1.394017602746922685e-02	2.156317479561051589e-02	6.139242790765868651e-01	4.526203994406357081e-03	3.475204313764188035e-02	1.847173757419974180e-02
4.797922297023277322e-04	9.775500556482800141e-01	2.560737733394537804e-03	2.989992932727875748e-03	1.207286144362186824e-03	7.558270259376322249e-03	3.839282702054901044e-03	7.667064033713931730e-04	2.334006454949155186e-03	7.138694917816225914e-04
1.748422054584335280e-04	9.939627052014728958e-01	4.475338725698087381e-04	1.198716458807630404e-03	7.520136559529089042e-04	6.297197967692972883e-04	3.500583967755186245e-04	6.424414934420070869e-04	1.425852444091069279e-03	4.161164746606683669e-04
1.289058989873898063e-04	1.121942992902391287e-03	9.939521080125245378e-01	6.150991778727062835e-04	1.138165536086372000e-04	6.589534895521738551e-04	1.830383926643454990e-03	2.366231093083737548e-04	1.163863634228576131e-03	1.783032043718109686e-04
5.545092090501048225e-04	9.730992526033683809e-01	1.484199564712269199e-03	1.075506469429936274e-03	6.190910595153547745e-04	7.774052998604168803e-04	9.926133142983333685e-03	8.856326895744757316e-03	2.572424904933483854e-03	1.035150850401980261e-03
6.663548464414664751e-05	9.973460241026788076e-01	7.532770130439918896e-04	3.408505518112260168e-04	3.866067317888684392e-04	1.876724277270632694e-04	1.865718712692714511e-04	1.356284371505604843e-04	4.952107855247469713e-04	1.015225943611338316e-04
6.739261154456133510e-03	1.528335272104167401e-04	6.995923353663339528e-04	2.120559867049489223e-04	4.580858194223775019e-04	2.228942178276001416e-03	9.881869837752368380e-01	1.151385404839585949e-04	7.340489901116734788e-04	4.730576927313528924e-04
1.200886267965937384e-03	5.395268991809894568e-04	1.719481704769829219e-03	2.559188258254419326e-02	8.053764069843213609e-04	4.552565184841426277e-02	9.216836135565447275e-04	8.353534185658799231e-04	9.219594967977674527e-01	9.006604602506641452e-04
1.743946651204075326e-04	9.933306010432411126e-01	1.664973712656750383e-03	1.084877480650054196e-03	1.322018903662889417e-03	3.077538618652747517e-04	4.767360699564431015e-04	2.890413671718257936e-04	1.097839856998971114e-03	2.517630386761950676e-04
2.332171370101213202e-03	8.857132366992284363e-05	1.395812595616833162e-03	1.051472168917688151e-04	6.623774236157834198e-04	8.570327264707834625e-04	9.939505257355063517e-01	1.049443579788003064e-04	2.475667778930888186e-04	2.558504722553608599e-04
8.193442130677910116e-05	9.971622203409800100e-01	5.533118793024302540e-04	5.987564825916934794e-04	1.271697090571897819e-04	3.161753018278378705e-04	4.921704326505602339e-04	1.503828801541174601e-04	3.593833819923588713e-04	1.584951701370714569e-04
3.407573136044295299e-03	5.594752162613072892e-03	2.202812580421299737e-02	4.649013556905937095e-02	3.453342345056786399e-03	8.443542519999888141e-01	7.602809577006941662e-03	1.910212190952443852e-03	6.181548638586325389e-02	3.343310829202128347e-03
1.670167310167581520e-01	4.885549150213096617e-03	4.704424269859175389e-01	5.850342222144147564e-02	1.346434330371907954e-02	4.691969361272692318e-02	1.642072893982113313e-02	5.037422078593827360e-03	2.026087497535113413e-01	1.470093293729734726e-02
3.630465688673211594e-03	1.035779214154372774e-04	8.268120059562980573e-02	3.930635291143662812e-04	1.137349913940379278e-03	4.038863485107091174e-04	9.076492379731467830e-01	1.637015323322027970e-04	2.655356290395662587e-03	1.182160206841434630e-03
5.159470570622877277e-04	1.350693350524980818e-03	1.606263720832677364e-02	1.146419454907708592e-03	9.394505178934130507e-01	1.148972619608293853e-02	1.569756704034255823e-02	2.958177713678373979e-03	1.401322433896697636e-03	9.926991651764511745e-03
2.532245351213097584e-04	4.444981561088361295e-03	9.786132436219523445e-01	8.837612600800004480e-04	2.133112153984205808e-04	1.853549413341381755e-04	1.692440157535848649e-03	7.239516664751019081e-04	1.264733260176202807e-02	3.423984392523423412e-04
3.189603648731631188e-04	6.612002702317560515e-04	8.613670421577677636e-03	3.410859628745300316e-04	2.097621566599212461e-03	1.965601415636960593e-03	9.842689966134172685e-01	2.705520459766756671e-04	5.921160110477322351e-04	8.701953277650841022e-04
6.105780934381642910e-04	3.482195500920012062e-03	8.321595120521262448e-04	2.665041714524863520e-02	1.425156318558917258e-02	1.430725616443463168e-02	7.149040840247543153e-04	5.265163750702203313e-03	2.538053969319235131e-02	9.085052228703979216e-01
2.127099820835583015e-03	1.282825510440282297e-03	1.388871335481922480e-03	8.390849285210099165e-03	4.708750620339007681e-02	1.980632922104957200e-02	1.068754145753340271e-03	2.287324172364060548e-01	2.125791962056072099e-03	6.879895552793771074e-01
7.225504532055303675e-04	3.756841336572707335e-04	1.377604790386485235e-02	8.892675250554041115e-04	8.533591201254343561e-01	9.102015414579779770e-04	7.530255607950030400e-04	1.849155061894068542e-03	1.378039398541776577e-03	1.259869082960933528e-01
2.195321836664647797e-03	8.180545876822151998e-04	1.177538393918810874e-03	3.500114453105127987e-03	8.111455260980542786e-03	3.171860654059311529e-02	7.651478671932761570e-04	3.049124985228972469e-03	7.412117072404507054e-03	9.412525190022287269e-01
1.362699592480251867e-02	1.141412796930459522e-01	2.543695299963941517e-02	1.295485586870665506e-01	1.342189472591708010e-02	5.914359766916548605e-02	2.240774992994814807e-01	1.132513625331512883e-02	3.957929102727461013e-01	1.348517447482017531e-02
1.512132154646858920e-02	9.707368279664766678e-04	1.193644075755522730e-03	7.392891884354692023e-01	1.727062838561501832e-03	2.502799570782809901e-02	1.102336768246080668e-03	1.080712943980075046e-03	3.225822464143634355e-02	1.822287762142880130e-01
6.208117732921357261e-03	3.106376725178747774e-04	4.738859660719943814e-03	8.992936230218932011e-04	1.888893591393154756e-02	5.712869440394217381e-03	9.584663500280481419e-01	1.463867926036215581e-03	1.158024319785492910e-03	2.153043682623265089e-03
5.635200049024038232e-03	5.291730837299859491e-01	3.680073386526944851e-02	1.471975328181490406e-01	1.172445999633124972e-02	1.637553431256545955e-01	4.441343769622280863e-02	2.008784980979750820e-02	3.311464065956577080e-02	8.097718249999429421e-03
1.225691092535334753e-03	1.918342602648374798e-04	1.891107710638914303e-04	8.005359271859477724e-03	4.077167486882171329e-04	9.783988984302999237e-01	2.065522456296212269e-04	1.937351495701608909e-04	1.049219207452131535e-02	6.889099555669312737e-04
9.269580921960172137e-01	6.292427184038215833e-04	5.211124427041638300e-03	4.655750558648415020e-03	7.537556702912814053e-04	4.652286520395602747e-03	2.698425008950670889e-03	5.384004204463750578e-04	5.150480633507136669e-02	2.398116144733561123e-03
1.969749881847221353e-03	2.115377184399378462e-03	1.363538429854855086e-02	8.926527628881377602e-03	3.116869146764696466e-02	2.103279342499626749e-03	1.868832955524836513e-03	1.112201251237734251e-02	8.916632497561474135e-01	3.542689497212742761e-02
4.975890725889000124e-03	3.701189715819364068e-01	5.187520875932385804e-03	5.261653071849468899e-02	3.146568561373819239e-02	9.081075213167071059e-02	1.618791023119530922e-02	9.187848317278403398e-03	2.775716601762046737e-02	3.916917237862445056e-01
6.739261154456133510e-03	1.528335272104167401e-04	6.995923353663339528e-04	2.120559867049489223e-04	4.580858194223775019e-04	2.228942178276001416e-03	9.881869837752368380e-01	1.151385404839585949e-04	7.340489901116734788e-04	4.730576927313528924e-04
4.345494511430331337e-03	1.200773817708390614e-03	1.383209820235965608e-02	4.405543046878603042e-03	2.315624332595560830e-01	1.188961829703682679e-02	6.856961674084373071e-01	1.164141593928794127e-02	8.338481669716178366e-03	2.708797384758880947e-02
3.616937989381724091e-04	8.344126430279093275e-04	6.517203572845234197e-04	2.985312963911559026e-03	8.899610662618484243e-04	2.710533003095484911e-04	1.797908731377536522e-04	9.906671660384055444e-01	2.835462843155066564e-04	2.875342674407483333e-03
3.976317226182365418e-03	7.766062208194853510e-03	2.364072231270733081e-03	1.711639659149486598e-02	9.501230645631343619e-02	2.874037810536511292e-02	1.848462291154939503e-03	4.945182989086141512e-02	8.900991817649944737e-03	7.848231831815122295e-01
4.964259138280552319e-02	2.888733578185846088e-03	9.972666429744189709e-03	1.567457960047268228e-01	2.279174507806043526e-02	1.145999359829691713e-02	2.674401618191434103e-03	8.918330425847099258e-03	6.757860183518019648e-01	5.911972353233973382e-02
3.274077428240877025e-03	1.494071746701672093e-03	1.549799442808340137e-02	5.816522159719179907e-03	6.589394315035813632e-01	7.378105169728979389e-03	1.119885863642120123e-02	9.782811960899646941e-03	1.483126744629956542e-02	2.717868595203241644e-01
6.909187701517576624e-05	9.892886152733615379e-01	1.478548775230969147e-03	3.075039562899989430e-04	1.350121434216741689e-04	1.413282980333367732e-03	6.727237476966612534e-03	1.173941851478338806e-04	3.241953286086443598e-04	1.391180036240930828e-04
7.237054194364510307e-03	3.862413019124261073e-04	1.359886405551973335e-03	9.406838526124247733e-04	9.384462623573650575e-01	1.490282586145765149e-02	5.512581020847522398e-03	2.243929437111670186e-02	1.409789858830609328e-03	7.365380775940976767e-03
9.177318245389394849e-03	1.392230570137713008e-01	2.006781597513248444e-02	3.220692893017020053e-02	6.452372739834613333e-03	5.466130462459619643e-01	1.723659768608884132e-02	1.013824442025435847e-02	1.835853452398079344e-01	3.529927350358889881e-02
1.440128766069922496e-03	8.546894719238615906e-04	4.969549635758341993e-03	2.824056439230270346e-03	3.296689598637488339e-01	6.849382485361765749e-03	1.437162234725384603e-03	1.901212439909310799e-03	1.386787716958139821e-02	6.361869814936909062e-01
1.540491669088165034e-03	3.485715264674235235e-04	1.232162219229172113e-03	9.783448390527540450e-01	5.430997477324887857e-04	1.245381845618992109e-02	4.709404771213759780e-04	3.675605519609179551e-04	2.038460815245197490e-03	2.660055484211217708e-03
1.659455743941393082e-03	1.694541729788522782e-04	2.151761100413157688e-03	4.023186574186663595e-04	5.572147889725344349e-04	1.715079268787670502e-03	9.914920707531515998e-01	2.046284917204393430e-04	8.719108298047249794e-04	7.761061928107442984e-04
9.947691540851782976e-01	1.433015417653853770e-04	1.522949447007319185e-03	3.772938406911588395e-04	1.487879220274391774e-04	4.137185426881251089e-04	1.256591303857355988e-04	1.336524302086574084e-04	1.742302997501863271e-03	6.231800625461333997e-04
2.181935195860420194e-03	8.519127492322927687e-04	2.421268891018520542e-03	2.660797235643150294e-03	1.598340597913479877e-01	4.057687402045211285e-03	8.268065365670426671e-04	5.744957486939017942e-03	4.127083670949122790e-03	8.172934910403971687e-01
