9.595258297037085882e-01	3.032780994973901774e-04	8.343830092797087936e-04	2.406320067327935228e-02	2.939532183152063303e-03	7.928937941458966826e-03	1.477311193910906461e-03	1.528124257795372351e-03	8.352524999502842747e-04	5.641504379670629231e-04
9.952892878704713286e-01	1.621995625791620445e-04	3.861678146577616913e-04	7.011124520661940951e-04	1.064089217369463191e-04	2.671351063421266697e-03	1.305621570966962756e-04	5.926965513832560615e-05	3.617900915126461654e-04	1.318504113194310769e-04
1.711880956933633513e-01	7.559130518126751198e-04	1.801700169311277328e-02	3.752206586097693499e-03	6.817556774027710986e-01	1.609487447762253734e-02	6.726418027206078343e-02	6.057065286735351974e-03	2.035838052481575393e-03	3.307914748394207710e-02
3.594783004137138815e-03	9.050264481713653263e-04	2.212483673539815399e-03	2.958194814541260757e-03	4.074718114082187016e-03	1.297844264070168981e-03	8.356859623732706662e-04	9.370835894985726907e-04	9.524089034836372702e-01	3.077527664594906578e-02
4.699994068303957849e-03	1.052853460496688386e-03	2.815041075337302700e-03	1.135359880799087506e-02	3.705749058381745554e-03	2.592022519256853563e-02	3.599000585675522605e-03	1.359807675429948936e-03	9.435767736932444416e-01	1.916956382570862618e-03
2.466382475993248932e-02	8.637589902427810634e-04	1.208248128374084024e-03	1.336474265165884558e-02	5.957108607291712599e-04	9.235079689243530510e-01	2.438403877622273910e-03	5.832834441926997449e-04	3.148203611543145403e-02	1.292022247463034748e-03
4.886043917171710828e-04	3.224910330608321747e-04	2.633432988871295399e-03	8.706656357723189729e-04	9.731775560280939708e-01	5.364083994413823596e-04	1.024784258919251428e-03	7.674136111738270351e-04	6.889428305748404634e-04	1.948970082237525339e-02
4.162556337145459861e-04	5.853561799553478077e-04	5.282727532540776316e-03	2.379610625774371876e-03	1.113633822088590502e-03	8.124854129136660930e-04	5.075092226522522759e-04	3.209883507048931234e-03	9.836105363719293004e-01	2.082001691382120382e-03
4.520231437606025081e-04	1.212518178231643414e-04	2.318928977721361007e-04	6.943440873250740974e-04	3.149696594820748652e-03	1.352893776333276071e-03	2.115550471199990814e-04	9.844176814307190604e-01	2.168832974562172268e-04	9.151777906869856816e-03
1.850814651565382699e-03	2.685617225935039726e-03	2.476845119122832780e-03	7.696716527158192767e-01	8.887095428211767498e-03	1.657303860569007692e-01	7.116938835868383793e-03	1.987964363374291211e-03	3.382971912874923465e-02	5.762966474453038931e-03
2.329703046945164578e-03	1.363241780180811944e-03	1.319523116255718991e-03	8.934027078041740372e-03	3.150304844727786456e-03	9.197355077114617306e-01	8.842675566938101861e-04	1.068299701260946866e-03	4.658994717717337281e-02	1.462517798725900854e-02
4.483590882684871997e-04	7.526229833699441679e-04	1.438167377148631297e-03	3.184952618232777481e-03	9.303846750012040312e-01	8.301087561811893627e-04	6.198158061117631842e-04	4.917326635316401559e-03	3.362681623690350844e-03	5.406129011047654948e-02
1.422197377496423488e-03	7.925003617510120854e-04	1.201737156563998559e-03	1.850551440760451766e-03	2.252700833816933534e-01	1.166819581785370893e-03	2.039354859404519070e-03	5.815738237970851342e-03	1.292484910962929563e-02	7.475161684929447770e-01
1.173834334978546756e-03	2.180703680039528143e-03	9.342433955998514783e-01	1.884822889555308120e-02	1.516048076405979942e-03	1.278137744151633262e-03	1.865318222616688462e-03	2.925057128374158530e-03	3.458153773238103329e-02	1.387738585647730087e-03
1.145764132319178471e-03	2.424881309234553316e-04	4.630144585719034138e-03	6.544598426616765781e-04	5.266899399813646616e-04	5.215719704703640665e-03	9.854986644846625010e-01	3.133938736957386675e-04	1.544145587265950519e-03	2.285297180676107366e-04
1.133115078949861266e-03	2.995679109313407616e-04	8.257992644387521231e-03	9.884188510286709504e-04	3.051034185083346863e-03	4.751543105765621737e-04	9.714679401139865167e-01	5.866663635099733263e-04	5.416973563781458424e-03	8.323136977764761593e-03
9.895534038732748394e-01	7.369475779974843778e-05	6.127075120774973628e-04	3.879503138353586041e-04	4.524537479786107028e-04	4.831545622374861307e-03	9.407249095608195800e-05	2.450968788922952991e-04	4.059515064825886606e-04	3.343123296327805537e-03
5.994572059176956833e-03	9.767753332249462864e-03	3.604325800896038962e-03	6.651659213277358873e-01	5.450903845967173048e-03	2.811466749139217569e-01	7.680783323739038236e-03	4.892509038698626515e-03	7.446382884745412004e-03	8.850173472869628244e-03
9.709608522050453550e-01	1.280102227712054158e-04	6.002738313907654945e-04	5.279995208899898032e-04	5.991910799627809744e-04	2.548179515228432904e-02	4.679617549284095269e-04	4.086836039625430265e-04	3.145388170322677992e-04	5.106938117321953470e-04
5.358234054067015917e-01	6.347868619488055905e-03	2.554667019390981231e-02	8.345894893811797721e-02	7.477989231360015338e-03	2.871480288745993370e-01	1.523671118816942449e-02	8.049515744565924683e-03	2.150531564822532812e-02	9.405546154862590505e-03
2.916836097696909064e-03	1.586188263635081308e-04	9.916507274111187042e-01	1.249581526706646005e-03	2.911083973515767097e-04	1.890234091017414385e-04	2.744001098630742715e-03	1.731698682248498521e-04	4.134862131265176462e-04	2.134471516786962868e-04
1.559524949260542633e-03	3.920042866857244290e-03	1.433510390736439377e-02	2.561300306853520753e-02	1.525548942211639447e-02	4.615382276338795067e-03	4.461100134695896759e-03	8.857248363201586372e-01	3.996685210829641760e-03	4.051883184384338227e-02
6.888017520012192779e-04	8.418290981457273725e-01	8.061917541355020922e-02	7.257618566962990847e-03	6.293730202273480068e-03	2.946069340687457357e-03	4.798853434343342168e-03	4.480970187240795877e-02	8.779866927392203715e-03	1.977084344653826358e-03
6.328769463010013073e-04	2.745643793239392659e-04	1.035013878270152994e-03	6.758144112243240744e-04	3.619941083384728810e-04	7.039273754099193217e-04	2.171973580830775406e-04	9.882966034431884816e-01	4.366279430353683607e-04	7.365380156825219841e-03
9.651685073989895169e-01	2.776439139387946510e-04	9.475513486521213152e-04	1.034324323118294368e-03	8.283708520125157007e-04	1.603700554635187694e-02	3.958183701755179349e-04	2.576923011431636948e-04	1.396392585545462757e-02	1.089160090163552013e-03
2.234040895126400417e-02	3.702818338288363549e-03	5.459091852381212084e-02	2.252279649652573768e-01	6.251595829877594143e-03	5.774561718304507124e-02	3.042232477092429374e-02	3.854060515243295810e-03	5.677072153195998894e-01	2.815707560268791362e-02
2.210660666449135875e-04	9.926946518976035305e-01	7.492277774972576441e-04	1.416382207394607665e-03	2.839362251681354257e-04	1.216030320651429342e-03	1.955825824059970880e-03	4.969236144769349642e-04	5.967157785349405576e-04	3.692402879684072666e-04
3.320593586220166858e-04	9.951280048943735856e-01	2.799957696587669002e-04	8.654532824551142796e-04	1.626281335127676840e-04	1.195121701221877816e-03	1.054583487241093388e-03	3.066566217093849686e-04	4.223517793630667677e-04	2.531449718424594948e-04
6.077289093927575395e-03	5.138952966063607816e-04	7.020810744395371457e-03	9.768475490996326727e-01	7.991065223586023931e-04	1.924810275670428214e-03	5.236703835107642214e-04	6.691349889850131813e-04	4.557051107269883411e-03	1.066682487643404826e-03
1.036348411753004826e-03	3.235355097519958343e-03	1.068368740245766169e-02	2.247246351224193792e-02	4.049628975644457007e-01	1.739229264225506527e-02	4.457734837073274933e-03	2.631342099770972442e-02	2.473211107776143031e-02	4.847136884567822546e-01
2.500638911931489755e-04	1.990659638070702377e-04	9.838143904124558858e-01	1.053536235033498188e-03	2.578362737518368484e-04	2.460362606568329644e-04	4.839545330580775863e-04	2.528836731578429690e-04	1.314446016786924298e-02	2.977725890164131936e-04
2.468732476223924185e-04	2.149679610529009336e-04	2.330967748630932506e-04	5.388279324193426603e-04	9.907485114270300208e-01	2.182388409160154166e-04	2.335806006515041982e-04	1.322841612196468380e-03	1.850690875616857554e-03	4.392370727631456431e-03
1.550436079213049836e-02	7.941075790383457598e-04	2.713152735933551003e-03	4.276166023096285816e-03	2.109536923353035488e-03	9.606072617528981228e-01	1.068307368402549680e-03	2.004237194726385916e-03	6.342655435830687506e-03	4.580214194590630054e-03
1.081736113676578809e-03	7.776417142760635656e-04	1.339416814779500770e-03	1.619146120820127033e-03	9.699147597765503948e-01	9.769631535393016788e-04	7.293465650767316831e-04	3.118317313583371300e-03	2.403931275428718671e-03	1.803874115226937469e-02
6.005566374009683843e-03	2.700192990144273993e-03	3.424244135946083456e-02	5.575239857700301470e-03	4.014697848622096887e-01	1.807543497117316406e-02	5.890571002448541371e-02	1.716549466983244634e-02	2.580951408125803023e-02	4.300506208097260030e-01
7.999082052624052438e-05	9.971594049230944057e-01	3.196609774813638483e-04	3.024532668075806396e-04	1.984189078028596414e-04	6.529063737269500756e-04	2.350020819799153123e-04	6.486419088170761052e-04	2.881598117479857411e-04	1.153609280155027615e-04
9.968609901961983377e-01	9.083368980317079009e-05	3.486866499687929955e-04	6.175679021641076246e-05	1.422726166528597523e-04	7.089881804592959667e-04	6.722205179644093849e-04	8.512420181660665982e-05	9.450010807270501538e-04	8.412607619285919209e-05
1.173834334978546756e-03	2.180703680039528143e-03	9.342433955998514783e-01	1.884822889555308120e-02	1.516048076405979942e-03	1.278137744151633262e-03	1.865318222616688462e-03	2.925057128374158530e-03	3.458153773238103329e-02	1.387738585647730087e-03
2.504917847231500402e-03	5.965752261122912736e-03	5.192164496841709248e-03	7.212168841377719630e-01	3.444072792615746319e-03	2.342468732454814906e-01	7.686752469821385610e-03	6.829232273149736521e-03	8.274196266833296065e-03	4.639154209130307190e-03
2.536229160563049814e-04	9.888485240911226715e-01	7.285036215586123331e-04	6.967045081681387834e-04	7.007156385118518734e-04	6.099874869865410526e-03	1.298879852854068363e-03	5.015682137734776315e-04	5.801335396350132531e-04	2.914727484543502855e-04
3.419904237563861638e-02	8.245578269205101072e-04	7.144434429700086131e-03	3.222603594450354058e-03	6.487710143855824653e-03	2.580567878911685809e-03	1.012937034947677560e-03	1.010427677045180276e-03	9.345887526230253206e-01	8.928966415504818038e-03
2.948479934181257381e-02	1.793585514153789090e-03	1.540396378785811003e-02	2.741302618095110485e-02	2.998484561364084169e-03	1.102067424635661819e-01	8.035585857846455626e-01	2.162211067493225239e-03	5.049611322431866653e-03	1.928989975723403643e-03
9.372788595648449128e-01	6.215908472976104269e-04	2.547457580029810140e-03	5.554909308504950988e-03	4.151418413345586526e-03	2.717399382427250834e-02	1.790423433647722520e-03	8.163518166385856298e-04	1.502712484030605151e-02	5.037870371111996884e-03
1.803172380190468105e-03	3.638132362813267470e-04	3.248239843060808218e-03	9.833198367754014679e-01	1.481277409068480289e-03	1.971360144541999589e-03	5.599272452060868746e-04	6.582093796012562304e-04	6.160228901615698131e-03	4.339346850321475126e-04
9.968609901961983377e-01	9.083368980317079009e-05	3.486866499687929955e-04	6.175679021641076246e-05	1.422726166528597523e-04	7.089881804592959667e-04	6.722205179644093849e-04	8.512420181660665982e-05	9.450010807270501538e-04	8.412607619285919209e-05
3.176706807914285446e-03	3.547708202942845800e-03	3.949549175589744943e-02	9.154628275251515124e-01	1.108005735645620823e-03	2.046317198218589040e-02	2.301869058699197636e-03	6.056572126503600648e-03	4.395284527725588225e-03	3.992362277334274637e-03
2.875268231086375650e-02	3.894827260570432863e-04	2.650089785396925537e-02	7.910970813933275621e-04	2.268389028960883600e-03	9.706677369712410136e-04	9.312537475145502563e-01	3.446490601282603755e-04	6.210399239717303860e-04	8.107346763134406012e-03
7.706924257168568972e-03	4.889223166252845525e-03	4.913075832138750765e-01	1.625141480677693706e-01	2.646413056334881008e-03	2.601470473123615196e-03	2.230843857028017279e-03	3.861693601735703002e-02	2.838450666250785792e-01	3.641391266011999219e-03
6.891902172601713401e-04	3.470717784561250393e-04	4.907460974813426802e-03	8.092343768519992975e-04	6.024565912091931451e-03	3.505662903923818167e-04	9.771505857912836657e-01	1.818353019253800143e-03	7.440541271449216138e-04	7.158917512451430133e-03
3.314592653319002624e-04	3.760002632844052146e-04	6.401084088852373186e-04	1.374835535976488485e-03	9.177356875080405763e-01	1.540517359522627959e-03	4.586447202760799043e-04	2.198706193748572232e-03	1.956855672943508175e-03	7.338718507199044894e-02
1.230115733221949243e-03	1.783788030167635661e-03	1.571846651346648933e-03	2.537708149667419581e-03	1.690383189369615569e-01	5.749219371787556328e-03	1.300335502926609115e-03	1.084690758709044855e-02	2.754587371503430457e-02	7.783958863217959045e-01
1.565152329502736504e-03	4.718028063992004599e-04	8.609712807793825154e-03	2.931363947162816692e-03	3.136026568926058439e-02	9.749622961316001951e-03	9.207409007823518232e-01	8.687904454713693547e-04	1.558335262015384318e-02	8.119035610587709006e-03
1.115379516448596211e-04	8.522483489137303221e-05	4.408213684429146189e-04	4.225356731495376089e-04	4.286611012118203318e-04	3.994237860411512095e-04	8.436989829059261771e-05	9.928795841167686875e-01	1.208357560950890899e-04	5.027005513463948631e-03
2.377090363504183457e-03	3.425079050269378214e-03	3.423326878147062158e-02	5.739960956168402295e-02	3.917904494434887308e-02	2.991039833414893545e-03	5.751392402263323482e-03	1.107883773903893879e-02	8.187101534291140181e-01	2.485448389489179621e-02
7.867877372872272021e-04	1.051792642732061979e-03	9.230741184192252646e-01	3.044882125609824682e-03	5.612071791177664993e-04	1.515159788311545245e-03	6.286384210955840712e-02	4.022442749190302883e-03	2.505733126720532077e-03	5.740341222472521024e-04
2.774985012461171955e-04	9.306978955094702584e-04	1.516099613666223658e-03	1.577796267032036820e-02	1.524104043775506524e-03	9.474924097168299902e-04	6.060920573825710495e-04	9.525925512046484744e-01	1.524520236291363991e-03	2.430298136744293847e-02
7.824204654467188528e-04	9.238270275483236515e-04	1.275762994198452243e-03	1.292814698942005170e-03	6.800499907318708443e-04	2.842733110614453426e-03	9.426267979012391230e-04	5.326732669551236974e-04	9.896069379435054048e-01	1.120153704156363244e-03
1.160021578062182796e-04	9.957777112192991442e-01	7.740344894404585898e-04	6.676314385008177065e-04	1.250389385297644076e-04	1.004257463558476263e-03	3.874925709344622738e-04	6.001962735075129680e-04	3.365763814388029584e-04	2.110590669843957995e-04
1.335266405606930305e-03	3.151466291916615349e-03	6.792546237445123460e-03	3.099531192268589197e-01	1.885044103982708510e-03	3.745443923719089102e-02	8.170038247821308957e-04	6.993505833554078746e-03	6.227614254832285479e-01	8.856183355433960153e-03
1.230639467889624349e-03	2.282626329092690004e-03	3.370057054052817431e-03	1.947155118626281087e-02	3.461537977998649374e-02	6.830851781588563598e-02	1.781718222723456709e-03	2.361893544362421785e-02	2.978335247116355861e-02	8.155372222293186812e-01
2.990122471585031664e-04	1.311366336069819170e-04	3.995363618323880851e-03	1.285347336488526547e-03	3.419219999492689710e-04	1.367536705159468394e-04	1.433091944952700071e-04	9.926114633162711476e-01	2.303961031697723751e-04	8.252958800209493195e-04
1.078134560558391766e-04	1.251614043255708437e-04	4.357720121235377571e-04	4.580018780391950975e-04	4.359215626746238293e-04	1.466032472567043474e-04	6.372249787681214927e-05	9.966591591138331818e-01	1.343871931963261238e-04	1.433457634618374738e-03
3.529947904933639926e-04	5.588127522404643657e-04	9.213288326660310813e-04	9.582627267179681940e-01	5.795384772237840293e-04	1.659705604442958393e-03	3.467723134214247926e-04	3.983059739050749150e-04	3.260802313473652736e-02	4.311791402902146256e-03
1.209204298992292981e-01	4.203387612922689434e-03	2.697780318249490827e-01	2.978480927114643406e-01	8.178778145683379686e-03	8.918341766630011325e-02	6.375036506108306029e-03	1.327802417898483155e-02	1.417003239853510503e-02	1.760647690558228562e-01
3.590141155893748250e-03	7.902038489907154892e-03	2.120189945700053178e-03	7.772026607477570126e-01	1.008343536322701094e-02	7.835779786880398001e-02	1.380079750093661864e-03	4.802704689852114323e-03	1.047378059307664949e-01	9.823146057998858802e-03
3.549503920873445066e-03	6.404564222644061611e-02	7.627816206481508911e-03	7.543913152978211079e-01	5.549985567107030074e-03	7.137881863455136644e-02	5.502731267565090165e-03	7.892542719226833259e-03	6.835492963637955499e-02	1.170671452355341070e-02
1.929561548552467766e-03	1.449812478676820379e-03	2.048261386085781580e-02	8.221219879175518941e-03	2.904578003213586501e-01	2.887352314305947302e-03	3.795554307692869476e-03	4.407662819478092714e-02	1.313411173874068187e-02	6.135653453558583825e-01
9.474467330781526364e-01	8.057171654744494206e-04	1.442280606642393865e-03	3.444554573484391764e-03	7.244903752362344971e-04	2.650511883039984723e-02	1.690191089821085554e-02	5.793144256134904590e-04	1.707398585100376514e-03	4.424814616851282189e-04
1.971621334214027771e-03	3.770779944564623494e-04	3.987413258124636881e-04	9.906092892555103946e-01	3.323155667167358414e-04	3.081471870602361159e-03	2.358857039076208534e-04	3.058964773067570525e-04	2.096648142908479756e-03	5.910523285648404878e-04
2.262024104119315720e-04	9.949545511898890693e-01	7.115113428366949717e-04	1.115716353660343519e-03	2.646373779410701710e-04	5.245238408641095078e-04	1.069497851798130277e-03	3.349424167094876281e-04	5.111855378972451295e-04	2.872316779919000234e-04
3.119792053660201854e-03	5.745939629052029254e-04	6.074535539119931904e-04	1.492944973220831136e-03	2.659912100892429672e-04	9.852148216994095486e-01	1.168447332698566371e-03	4.535700286742334344e-04	6.159114926296538860e-03	9.432702591336620786e-04
5.537792276227827219e-04	1.034113033552828834e-03	1.288621535718094662e-03	9.646016370071945900e-01	5.272045223113068111e-04	2.491450671626676411e-02	5.222434167255483092e-04	1.688050955931797879e-03	3.998140475566506168e-03	8.717031091096478970e-04
3.051276959823319250e-03	7.474889008726737227e-01	3.727523004808663137e-02	1.353422673726054765e-02	2.443794645272669847e-02	5.975808740164404581e-03	1.267556604572445643e-02	1.431995413437676945e-01	8.332449456295890414e-03	4.029053343476454198e-03
9.386194622375722621e-03	2.334287706265439355e-03	8.709692337280000585e-01	4.843341495184393629e-03	4.500630997572399074e-03	7.654938716448796143e-03	8.547420584061847515e-02	1.051646067594803500e-03	9.782095430707843722e-03	4.003425395231770614e-03
1.362659048496959492e-03	2.489549853063711222e-04	9.940269607555491937e-01	2.115060316079667364e-04	2.050978256835000112e-04	1.156098410103285819e-04	1.038653895069977830e-03	7.582173589490374802e-05	2.596959915198309744e-03	1.177759661824475822e-04
3.087552940105081373e-03	3.334831768049466381e-04	1.980727122545629295e-03	9.396454673352270691e-04	6.454246574734084181e-04	3.427199420122642101e-03	9.849923560519815435e-01	2.184746675246827146e-04	3.265808618685319374e-03	1.109327877421422857e-03
1.078504300415743158e-03	4.319293932072078464e-04	9.755218011195949668e-01	1.401082482225887802e-03	1.262459989636433542e-02	4.694949877579160293e-04	3.644995612933567448e-03	7.552484508040982914e-04	1.951827607703661644e-03	2.120516148992865162e-03
9.830991977661512893e-01	2.134887998622670910e-04	9.185662591795646379e-04	1.580493917311251570e-03	3.371298971579626976e-04	9.776180810043427066e-03	6.406084491459611762e-04	2.612978770352578561e-04	2.406499765884491989e-03	7.665364582286619995e-04
1.364255515216245083e-03	1.448210549120933959e-03	1.280735404989106520e-02	2.985071368659070190e-02	2.334120167695444559e-01	5.104721031537332587e-01	2.326159792479064528e-03	5.478121367406561630e-03	8.522842638457457654e-02	1.176126387314430505e-01
2.744823247215281634e-03	1.231565866704008444e-01	5.915093163431315096e-03	2.403136045641493523e-02	8.278899197569467017e-02	8.132674311507147313e-02	2.348852324816989856e-02	4.375979704795201347e-02	1.414058987410029070e-02	5.986474912015492533e-01
1.205102300659522232e-03	3.845119459702094240e-03	4.923588659615987274e-03	6.532591117463061765e-03	1.884336259806622090e-03	5.764475650050069136e-03	2.266496766465210533e-03	2.558814226152054516e-03	9.650702817690032242e-01	5.949193791082256315e-03
6.599388846400317974e-04	1.234228947800567822e-03	9.411535560147270101e-04	1.008710805316602585e-03	2.576895347474309969e-02	1.777578123501772321e-03	4.631238115865360578e-04	1.408634251337883940e-02	3.267292349845596269e-03	9.507926775331720926e-01
9.949786044550363862e-01	4.698364999104605403e-05	1.256341483917389028e-04	5.484712289700109346e-05	7.040868527333068257e-05	4.130018963625741758e-03	9.057323606182206906e-05	4.523575607574753857e-05	3.622367519283024927e-04	9.545723071910269504e-05
5.725838055241808762e-04	1.649907302064896036e-03	4.921280076229462078e-03	1.701169226732382207e-03	9.377330469112590272e-01	6.604509600038825645e-03	2.778826941310374304e-02	6.459790209644092861e-03	9.885960373955239664e-04	1.158084741800781067e-02
1.250178132830564320e-04	1.712392899569088571e-04	2.742974413463513013e-03	2.196576610459386651e-04	2.549422844434329725e-03	6.811307184343435434e-04	9.920014062693269796e-01	2.118316425250119811e-04	5.864016993244577838e-04	7.109176482053045738e-04
1.546070867300540930e-03	1.270310606917398038e-03	3.027419476860810157e-02	2.345182108962843865e-03	1.421784724903728562e-03	6.404608048855073418e-04	9.493160869492786036e-01	5.018930311701306698e-03	2.651441820660593342e-03	5.515537036781371395e-03
6.653983508672800962e-04	2.213704742544034872e-03	7.164429398963289425e-03	1.406737179462664482e-03	2.692906140503333046e-03	9.680914214406889373e-01	8.949130669652648890e-03	2.138831223618053654e-03	4.058848283740681441e-03	2.618592569958993078e-03
9.109015738413497485e-04	1.018290099161713166e-03	1.698943016922140623e-03	9.267145939057616078e-01	1.037653430865083121e-03	6.974161312639406106e-03	1.138478171833750413e-03	1.380651997584784194e-03	4.956764991072588888e-02	9.558676580664365874e-03
1.173163045426306623e-02	2.569281337061288684e-04	3.343283808622918470e-04	6.568951531279924524e-03	1.046244768991075021e-03	9.514548928852970544e-01	4.128392156814873954e-04	6.048310272645441481e-04	7.762322271226603995e-03	1.982703133142775520e-02
4.859642245537776155e-05	9.981866462801910478e-01	2.491810624802117172e-04	2.158206162698277075e-04	1.464361095334409707e-04	2.664635353141222803e-04	1.283680416059697154e-04	3.312155437602370793e-04	2.999004325808626490e-04	1.273719558091090086e-04
9.131993200477786260e-05	1.081356443104493885e-04	6.153029131799336599e-04	6.578736028546245188e-04	1.342747334480873754e-04	1.086668886892815398e-04	6.490978841439240445e-05	9.974857435598257771e-01	7.717956924638290134e-05	6.565933680260674322e-04
1.398020705858754945e-03	1.471959450118562980e-03	3.787160390757601108e-03	5.756624862665721959e-03	7.977582381397059219e-01	7.845067699643713463e-03	1.369590532182227930e-03	2.305502933912734892e-02	1.049678801270147697e-02	1.470615208672386987e-01
5.097571499414164063e-03	3.713038801043466904e-03	3.540650769713442943e-03	8.521729821198655019e-02	2.461524559487850497e-02	5.003401537678998645e-01	2.531113416732940023e-03	4.398164418111168497e-03	3.247618673861999428e-01	4.578489613401991870e-02
1.343777883927308077e-02	3.209228656173883842e-04	4.251833333706956709e-04	1.440404782040621660e-02	6.354342645955577459e-04	9.105495859514435297e-01	4.050510534080299196e-04	4.490390448885318918e-04	5.865485117216914790e-02	7.181056548280541092e-04
9.720885437718266870e-04	1.534464842911566207e-03	1.401231649452365328e-03	1.664014043951804987e-03	3.925438133893528053e-03	9.805125496865592094e-01	4.340626711556354843e-03	1.306059259699521692e-03	2.922800728245269781e-03	1.420726399958625874e-03
3.743521894235261774e-04	7.981620521202810112e-04	1.660765663304894155e-02	2.038327349722751647e-02	1.732864954382180465e-03	2.682615298436329967e-04	3.862125743667907092e-04	8.988504500821522525e-01	1.493459129270183249e-03	5.910530735816485470e-02
7.206769798499746598e-04	1.113882833779764102e-04	6.884351397021390082e-04	3.719830764759504021e-04	1.690525991688990272e-03	1.366463790450319618e-03	9.926511471437274858e-01	1.772194527899419050e-04	1.087373430612163317e-03	1.134786711325093921e-03
1.371872146587792090e-04	9.971129560614819809e-01	5.552636793683163362e-04	5.550802123335216469e-04	1.077392156070105638e-04	3.962816665587124234e-04	4.868957033300914798e-04	3.078593148300544499e-04	2.487760314504393984e-04	9.196090038126568660e-05
3.100812324352765666e-04	6.091021619837149988e-04	1.083522889804904195e-03	7.375831834838323916e-04	8.290878522299524600e-04	2.226559401985710521e-02	9.719528904133322156e-01	2.187200050400442484e-04	1.834624947380722026e-03	1.587932944522451207e-04
8.749166815580304958e-04	9.503481369215694974e-01	3.943691894953317220e-03	8.017992205017664348e-04	6.679039502654452896e-04	5.444759750719185137e-03	3.452586889395183045e-02	9.060423717246044633e-04	1.635526881487482610e-03	8.513534332689998933e-04
9.873669295589877076e-03	5.831059514469007525e-04	9.503083481800251864e-01	2.231380227368656710e-03	1.011884645577932696e-03	1.454154502632759019e-03	2.272510872447134830e-02	7.066387698638746826e-04	8.229920863703062139e-03	2.875788839320192556e-03
1.779705438972867086e-03	5.674013608559097532e-04	9.279764636230626307e-01	1.465621252280841684e-03	4.224434835526415526e-04	5.972885936792510144e-04	1.734843332626007095e-02	6.145877067359810332e-04	4.873225626988501868e-02	4.957989447146768066e-04
3.176220796821044366e-04	2.663698841752654709e-04	5.008156472350315698e-04	2.500681775247576028e-03	6.181235033147957671e-03	2.890330251878773030e-03	3.852188013871019122e-04	9.795556464209704828e-01	5.194813781756579124e-04	6.882598728099983271e-03
6.266010153168560110e-03	3.824994993905599279e-03	1.126030657285406744e-02	7.104465765266880159e-03	2.428102346153826474e-02	8.873889769591299798e-03	3.069136053765433598e-03	1.734988990583821028e-02	8.845787404926604980e-01	3.339154283141123475e-02
3.295293551303310649e-03	8.239772258962170526e-03	6.403351182583701118e-02	2.623703544269094176e-02	2.074802742968359735e-03	8.049151988161319313e-03	2.672916970454249953e-03	1.420877351562047260e-02	8.585874845684821066e-01	1.260125713552021770e-02
1.829058776623638388e-03	9.788507126149295981e-04	5.030138829077892247e-03	3.232373649696843824e-03	8.918944889276028132e-01	4.716934791873805995e-03	1.367021886315471484e-03	9.706833631248287797e-03	4.243932110867930027e-03	7.700036668407825302e-02
9.171204907222851822e-04	6.783640079527945496e-04	1.233359799094595676e-03	1.527416352360638687e-03	9.577037127958039353e-02	1.226178571119809074e-03	7.558872407113752115e-04	5.381343839603986400e-03	4.503724214865309321e-03	8.880062342039889423e-01
1.150557865388234348e-03	2.627104891534202263e-03	6.203991897853657587e-03	3.302203818540264298e-03	6.949173590453123772e-01	4.824767840820004539e-03	8.514323663395295672e-02	3.819739319841209020e-03	8.632693336852582597e-03	1.893783453499047753e-01
1.115379516448596211e-04	8.522483489137303221e-05	4.408213684429146189e-04	4.225356731495376089e-04	4.286611012118203318e-04	3.994237860411512095e-04	8.436989829059261771e-05	9.928795841167686875e-01	1.208357560950890899e-04	5.027005513463948631e-03
3.171415007484461855e-04	1.430121966908568963e-03	1.138944170362047106e-02	1.561518448672025682e-02	8.039996852964302262e-03	4.934014098924970884e-04	5.362940097156364836e-04	8.226010902391323043e-01	9.148127347364555517e-02	4.809605435665185308e-02
1.231114520891625139e-03	8.959538506476064645e-01	7.448577431349955383e-03	9.650609046866740620e-03	9.264931760290583216e-04	1.729866619295925782e-03	3.206458188623958171e-03	7.860155566683403941e-03	6.993761717087879082e-02	2.055257631774150360e-03
4.163523515078711157e-03	2.340979459584749140e-03	9.641556672541639061e-01	1.097504222321970570e-02	1.093053589454455595e-03	1.207561652824676920e-03	2.122044333063798777e-03	2.258494577156445679e-03	1.058228158834534360e-02	1.101351807108059402e-03
1.126938670115431749e-03	2.350550966997025284e-03	2.282829005759490215e-03	1.161913116870826462e-01	2.315658407621003223e-01	5.673230970997149986e-02	1.536131513437161318e-03	7.311670307250517364e-02	7.223891288231470455e-03	5.078734933237997184e-01
6.293988115762935622e-04	5.187558180927766575e-04	1.605413402155639281e-03	3.723041749091843822e-01	5.305633579272846624e-04	1.989003098135524051e-03	3.169338305058408932e-04	1.613026612013572243e-03	6.194472259658223567e-01	1.045504194586247991e-03
1.279240860349273876e-03	1.475410671479978090e-03	3.126290290540974411e-03	6.310104148657189396e-03	1.516141881268374177e-03	4.919374116705378663e-02	4.551664141807299814e-03	1.768020198496384615e-03	9.288016397502715238e-01	1.977746890075230812e-03
2.439454688869180583e-04	2.542783666284134268e-04	7.343017919017113355e-04	1.216286084508400294e-03	9.809827145228420253e-01	3.646334164725287220e-04	3.230846089614010114e-04	7.853890202426056042e-04	1.190366552280725486e-03	1.390500016727514582e-02
1.460259927965073482e-03	9.148273961584483249e-01	5.250286277588270788e-03	5.818542009769115536e-03	3.314765987136379915e-03	4.303701054232376283e-02	1.236756323558575212e-02	4.753836892737767390e-03	5.180598602497368636e-03	3.989740365948356120e-03
4.984696199483155087e-03	9.129779545000572642e-04	8.079396153266828196e-02	7.804576030388066764e-03	3.306916323741755214e-03	2.990295964722269103e-03	8.840875366349363329e-01	1.480503219507684582e-03	8.447072600204936013e-03	5.191463539847365923e-03
8.545429525650082275e-04	9.642291494288475207e-01	3.854478660612779481e-03	3.720811864590915438e-03	1.187398103687574034e-03	1.500995228007451568e-02	5.566426184316326277e-03	1.608141043861035678e-03	2.357154088542435296e-03	1.611945392901545544e-03
1.734119629755535429e-04	9.934717114505065005e-01	4.476900926276142830e-04	8.073330868133271740e-04	1.168963192323769617e-03	8.209976013581625530e-04	2.117781092179342071e-04	9.849206410099200799e-04	1.125651019236079825e-03	7.875428439312477094e-04
7.920073504433213700e-05	4.535972607381334233e-04	9.956331888859880630e-01	5.760597738289892442e-04	1.175562134673723566e-04	5.915345379147652531e-04	1.444360270471019498e-03	2.008485402258626323e-04	7.427502475491975327e-04	1.609035347724519080e-04
5.647680925822549025e-04	9.784472206631452673e-01	2.526101102905559288e-03	1.200014875619749132e-03	5.240725082864382137e-04	1.347397246507437470e-03	6.345734157143781938e-03	4.857635478166970333e-03	2.775846854705562184e-03	1.411209020936934769e-03
5.603560351989130385e-05	9.978425501250735019e-01	3.849258733799671350e-04	2.497264066448776835e-04	5.336956261046160071e-04	1.305953344279183880e-04	2.442651807141454369e-04	1.341958515893224544e-04	3.294530176254351333e-04	9.455698091986674365e-05
4.434580959070033926e-03	1.536082101096287891e-04	4.696451973136061349e-04	3.257116743143359354e-04	2.428902452368309785e-04	1.691364195362568892e-03	9.917208340555817569e-01	7.399678945549231226e-05	5.080516836040903589e-04	3.793169899518345216e-04
1.261691301977488702e-03	5.960696879141869466e-04	2.092748500586281805e-03	1.092950515177834245e-02	1.422878142518144888e-03	9.995252078277096219e-02	1.302050316342451275e-03	7.739858114141430533e-04	8.801929588120556147e-01	1.475591492642329547e-03
1.117005959900321788e-04	9.953146327306877650e-01	9.302273487933089557e-04	9.626042451841227213e-04	1.065779544874844668e-03	1.819433956493585202e-04	4.369754729670214874e-04	2.891391690274193373e-04	5.160831095221620358e-04	1.909143873040202984e-04
1.802607377792296052e-03	1.830080616388400487e-04	3.238204924174141464e-03	1.627284596095706487e-04	1.277501424211509567e-03	9.352514441956123747e-04	9.916177826270199391e-01	1.340002985407250232e-04	3.513477775560359517e-04	2.975676052613412015e-04
1.187088015608325358e-04	9.969738355936981211e-01	5.452465478766513720e-04	5.107434419345823796e-04	9.365452907255458770e-05	3.208305825024854586e-04	6.335652361351914747e-04	2.746483996126292864e-04	3.531316228227176254e-04	1.756352447843886086e-04
2.836705262156575223e-03	5.627321450301931392e-03	1.826549561597141241e-02	9.100315301712293137e-02	1.296487245874174479e-02	7.330772707435089242e-01	1.486897198931926706e-02	4.304020056259107163e-03	1.110971793342049457e-01	5.955010072413155497e-03
8.057500619857661806e-02	5.966179004603017894e-03	5.959362658363375198e-01	4.629183925115652742e-02	1.682368066773523921e-02	4.052458073102137986e-02	1.486558358818591483e-02	6.159901420665569831e-03	1.741604978677368520e-01	1.869646543398133243e-02
1.750208676701553575e-03	1.480942929133259546e-04	7.486569765272031718e-02	3.706044353879096626e-04	7.062598010773877893e-04	3.220445775420541744e-04	9.178043040224130866e-01	1.634129696541116296e-04	2.970332752873262872e-03	8.990408187169329378e-04
5.725838055241808762e-04	1.649907302064896036e-03	4.921280076229462078e-03	1.701169226732382207e-03	9.377330469112590272e-01	6.604509600038825645e-03	2.778826941310374304e-02	6.459790209644092861e-03	9.885960373955239664e-04	1.158084741800781067e-02
1.192897816594784658e-04	6.237124107816363616e-04	9.935750634463087483e-01	6.271485321129083215e-04	1.293603272994573881e-04	8.324686016575478110e-05	5.070455457516103749e-04	5.908098616232504777e-04	3.636346042967108540e-03	1.079771913297867441e-04
9.664315864629361742e-04	7.044573572666548667e-04	1.202557659958237296e-02	5.200045010028378663e-04	5.054121436468154982e-03	1.956086336061748417e-03	9.751757096647090117e-01	3.180195730006003156e-04	1.502655052058222192e-03	1.776937893387573473e-03
5.429221523847878837e-04	2.354966896534643837e-03	1.005085172251058432e-03	4.474294841125760896e-02	1.229045954574853501e-02	1.928147721985414703e-02	4.566649815896479600e-04	3.806923298948951349e-03	1.122865346149546500e-02	9.042898988599352705e-01
2.619059315053315438e-03	2.878908854540182874e-03	2.227052593304856398e-03	1.583053342708389336e-02	4.049863914868370024e-02	1.812524871517197031e-02	1.162138075939956857e-03	3.387292594403951695e-01	6.036354719440306660e-03	5.718928057103865870e-01
3.603240424959407140e-04	3.238889079971520079e-04	6.333841612759933716e-03	6.922910986958858174e-04	8.840396711032371124e-01	6.567699398017894227e-04	1.248672368558627994e-03	2.987349568750056420e-03	2.998994365104563388e-03	1.003581969925990414e-01
2.926593548754274562e-03	1.306723415291279750e-03	2.256223626178606705e-03	1.085324100199084110e-02	1.801966686449826480e-02	2.116335213443342259e-02	1.214247264460314004e-03	2.843820539783252759e-03	1.650687299146771578e-02	9.229092586131419917e-01
1.603700502286071333e-02	2.223818856899656068e-02	1.849726971098913930e-02	1.034088568032693750e-01	1.209244684526203893e-02	9.992244530060874486e-02	4.788534717687847886e-01	1.005778596174645989e-02	2.304101776254343925e-01	8.482352392047849340e-03
1.189027961492788998e-02	1.111442453222777913e-03	2.157345126735162044e-03	7.397537820872918113e-01	3.764814147502206203e-03	4.466475006507194395e-02	1.676240819917534973e-03	1.222685091760989913e-03	2.933115278995455585e-02	1.644275078036150084e-01
6.627811753090338300e-03	7.870829595441796106e-04	4.591294461359551361e-03	1.542269606812865122e-03	3.262446956707559798e-02	6.279370547860103902e-03	9.427284273965463868e-01	8.590218580530934898e-04	1.101554260662074855e-03	2.858697588995865856e-03
5.853331624649947898e-03	4.970556077143024609e-01	2.231407774789423773e-02	2.593514898735591045e-01	2.566472017863970223e-02	1.259723709913439516e-01	2.456197871446931871e-02	1.163657596309742616e-02	1.913944025065461227e-02	8.450406941389258797e-03
1.538721611789702071e-03	4.010184815059613522e-04	3.427096614534897606e-04	1.412205021490025095e-02	3.344306766683632502e-04	9.785407780212614925e-01	2.794410163077718748e-04	2.450205344770923946e-04	3.354068782205053313e-03	8.417609994308295363e-04
9.416635039923278994e-01	8.065022876818565920e-04	7.649787037869530334e-03	3.474278377873449460e-03	6.553843677698723480e-04	3.731360126147454000e-03	2.408487162685715981e-03	7.704261984086972943e-04	3.455405148391203080e-02	4.286218965323711216e-03
1.441414828416652570e-03	1.548516857725900720e-03	7.681001085577380920e-03	1.021024255674828594e-02	1.466486092867602849e-02	1.492350639954847505e-03	1.368785778908220225e-03	9.180269932036742506e-03	9.258751172924177819e-01	2.653744009953814750e-02
3.450852927033187540e-03	4.644054051072037392e-01	3.933125886239586914e-03	4.010748865456814638e-02	3.792308670559831757e-02	7.978861763590389122e-02	1.677454049266028854e-02	8.965259620105097207e-03	1.122142989631129580e-02	3.334301930743766573e-01
4.434580959070033926e-03	1.536082101096287891e-04	4.696451973136061349e-04	3.257116743143359354e-04	2.428902452368309785e-04	1.691364195362568892e-03	9.917208340555817569e-01	7.399678945549231226e-05	5.080516836040903589e-04	3.793169899518345216e-04
2.845113957416477071e-03	1.111665069618538327e-03	3.591526898488612424e-02	7.904498601700674781e-03	2.011378999033042458e-01	1.091945058173665432e-02	7.010997672876069231e-01	6.765426382078749447e-03	4.813198388809948082e-03	2.748771084284160060e-02
5.843739462222446654e-04	6.300096139191700088e-04	1.493834942680443128e-03	8.698069213081496137e-03	6.583176353660057448e-04	2.837161631136726259e-04	2.488275246271188417e-04	9.843144898092309747e-01	2.622693613941574713e-04	2.826091790364862293e-03
1.921937960343550857e-03	4.920721587229998431e-03	3.064051298353942174e-03	3.187814206369674053e-02	5.528768197584865013e-02	4.000718974286041063e-02	1.883070695360598021e-03	6.905936352140762402e-02	7.963397570152252330e-03	7.840144435847462567e-01
4.788842907793204595e-02	9.563079986133307328e-03	3.691198488465907007e-02	1.699972752783234231e-01	3.481768597811458338e-02	1.950087357802985852e-02	4.055203189002524848e-03	1.798477111101975251e-02	5.629328328382287028e-01	9.634786407855674972e-02
2.637833478303220399e-03	1.699489010113934421e-03	4.136508053963867254e-02	5.704542632363590257e-03	5.218490332283776123e-01	4.052414634020420209e-03	1.466677737378391765e-02	7.464263116252173313e-03	3.717170870024601864e-02	3.633888572869002909e-01
7.609293930032083510e-05	9.913255858533532860e-01	2.184980227645682681e-03	2.165265458623828894e-04	1.052577130036578092e-04	8.358066313322428048e-04	4.728662596800757047e-03	1.573336068251198633e-04	2.425520172615892574e-04	1.272018686149269107e-04
4.949610279934412577e-03	7.591230827693752322e-04	3.620993351426897433e-03	2.789219068255166176e-03	9.285383811986753777e-01	1.239719884107890781e-02	1.426801896698392906e-02	2.472253372782145728e-02	1.471893584434364561e-03	6.483027898620095583e-03
2.252600929766095453e-02	1.360989083616531703e-01	2.624153863048222027e-02	4.258581435915712726e-02	4.629805764212215069e-03	5.465573802147571936e-01	2.051069466374376773e-02	1.149472870156731386e-02	1.595709366395215711e-01	2.978418336724443505e-02
9.171084425843638267e-04	7.732018666680482528e-04	4.212678462947076589e-03	5.007759204145507438e-03	3.050385189117597595e-01	6.789708992631870998e-03	1.195246081430923271e-03	4.461912219159326273e-03	8.451949808481937915e-03	6.631519160101910781e-01
8.929877996413469873e-04	3.084479843593043507e-04	8.360029768563003545e-04	9.833416703728865560e-01	2.665634460072648006e-04	7.211838818412081090e-03	2.469024604247456000e-04	3.980619651014156773e-04	2.973022516564167821e-03	3.524501659746674589e-03
1.141081044766252941e-03	1.380479547077947012e-04	1.582866148974192621e-03	3.070616193051824605e-04	6.175115450845858160e-04	1.164281389351482345e-03	9.937684592285567220e-01	1.468107194086079744e-04	7.490688185262771174e-04	3.848115313188990192e-04
9.962525756173731262e-01	1.010750439473666914e-04	9.755061491093896652e-04	3.526436548829953036e-04	2.230395933759101649e-04	3.357218196815031533e-04	9.160314077714879204e-05	1.861772979735382486e-04	1.324901422838943186e-03	1.567562600397031779e-04
1.546732613010666415e-03	9.599724994310379926e-04	3.029382238297481742e-03	4.236496461578376400e-03	3.375592045332033719e-01	7.342054187510558931e-03	1.496756027407349955e-03	5.078279521549425822e-03	5.925751959010733608e-03	6.328253699590010717e-01
